NVERTS 30
NFACES 56

VERTEX
-13.30, 153.20, 21.96
-132.70, -25.74, -22.54
-11.24, -159.18, 23.06
162.32, -84.12, -26.90
171.70, 135.84, -5.42
118.34, 12.68, 91.22
-98.82, -2.86, 106.22
20.86, 68.82, -103.58
-16.04, -146.06, -100.96
-70.50, 86.24, 76.68
-112.56, 91.82, -1.30
-141.56, -14.60, 52.42
-66.44, -92.74, 76.34
-110.68, -125.34, 0.56
-92.80, -99.76, -75.32
-13.34, -166.80, -48.08
-85.98, 33.34, -77.88
-2.84, -53.74, -108.68
-2.94, 145.76, -49.56
61.36, 116.46, 72.18
1.00, 2.86, 104.92
64.08, -101.76, 69.88
112.74, 118.02, -54.44
96.64, 146.72, 4.34
93.30, -154.80, -1.72
70.34, -128.24, -73.76
108.66, -7.74, -77.76
162.78, 85.80, 42.92
162.28, -46.08, 38.52
177.76, 38.38, -13.38

FACES
127,127,127,	-0.22510,0.93295,0.28095,	3,	11,10,1
127,127,127,	-0.93977,-0.01140,-0.34163,	3,	13,11,1
127,127,127,	-0.10333,-0.87722,0.46885,	3,	1,14,13
127,127,127,	0.83794,-0.39123,-0.38053,	3,	1,10,16
127,127,127,	0.73157,0.67438,-0.10007,	3,	10,11,9
127,127,127,	0.39034,-0.01170,0.92060,	3,	12,11,13
127,127,127,	-0.41618,-0.00605,0.90926,	3,	1,16,14
127,127,127,	0.03675,0.27881,-0.95964,	3,	6,9,11
127,127,127,	-0.08923,-0.58287,-0.80765,	3,	12,6,11
127,127,127,	-0.41967,0.54058,0.72914,	3,	15,13,14
127,127,127,	-0.80442,0.58306,-0.11380,	3,	18,16,10
127,127,127,	-0.92671,-0.01789,0.37534,	3,	9,0,10
127,127,127,	-0.29738,-0.52149,0.79976,	3,	2,12,13
127,127,127,	-0.73912,-0.66719,0.09251,	3,	17,14,16
127,127,127,	-0.66065,-0.34889,-0.66469,	3,	20,9,6
127,127,127,	-0.14455,-0.96387,-0.22375,	3,	12,20,6
127,127,127,	-0.56007,0.24539,-0.79127,	3,	13,15,2
127,127,127,	-0.00601,-0.03675,-0.99931,	3,	10,0,18
127,127,127,	-0.19486,0.81950,-0.53893,	3,	14,8,15
127,127,127,	0.14151,0.57515,0.80571,	3,	17,8,14
127,127,127,	0.04213,-0.00204,0.99911,	3,	18,7,16
127,127,127,	0.23209,-0.50153,0.83343,	3,	16,7,17
127,127,127,	0.38267,0.52227,-0.76210,	3,	19,0,9
127,127,127,	0.19324,0.96891,0.15448,	3,	2,21,12
127,127,127,	0.45619,-0.87360,0.16944,	3,	19,9,20
127,127,127,	0.42409,-0.53910,-0.72768,	3,	21,20,12
127,127,127,	0.48134,-0.01122,-0.87646,	3,	25,15,8
127,127,127,	0.69737,0.34230,0.62968,	3,	25,8,17
127,127,127,	0.80521,-0.30908,0.50607,	3,	24,2,15
127,127,127,	0.94324,0.02222,-0.33138,	3,	18,0,23
127,127,127,	0,0,0,	3,	26,17,7
127,127,127,	0,0,0,	3,	22,7,18
127,127,127,	0,0,0,	3,	0,19,23
127,127,127,	0,0,0,	3,	24,21,2
127,127,127,	0,0,0,	3,	24,15,25
127,127,127,	0,0,0,	3,	25,17,26
127,127,127,	0,0,0,	3,	5,19,20
127,127,127,	0,0,0,	3,	21,5,20
127,127,127,	0,0,0,	3,	18,23,22
127,127,127,	0,0,0,	3,	22,26,7
127,127,127,	0,0,0,	3,	28,21,24
127,127,127,	0,0,0,	3,	19,27,23
127,127,127,	0,0,0,	3,	3,24,25
127,127,127,	0,0,0,	3,	3,25,26
127,127,127,	0,0,0,	3,	19,5,27
127,127,127,	0,0,0,	3,	28,5,21
127,127,127,	0,0,0,	3,	4,22,23
127,127,127,	0,0,0,	3,	29,26,22
127,127,127,	0,0,0,	3,	3,28,24
127,127,127,	0,0,0,	3,	27,4,23
127,127,127,	0,0,0,	3,	27,5,28
127,127,127,	0,0,0,	3,	29,3,26
127,127,127,	0,0,0,	3,	4,29,22
127,127,127,	0,0,0,	3,	29,28,3
127,127,127,	0,0,0,	3,	28,29,27
127,127,127,	0,0,0,	3,	4,27,29

TEXTURES
asteroid2.png	1.0 1.0	0.25 0.07	1.00 0.22	0.00 0.00
asteroid2.png	1.0 1.0	0.50 0.26	0.25 0.07	0.00 0.00
asteroid2.png	1.0 1.0	0.00 0.00	0.64 0.31	0.50 0.26
asteroid2.png	1.0 1.0	0.00 0.00	1.00 0.22	0.80 0.29
asteroid2.png	1.0 1.0	1.00 0.22	0.25 0.07	0.05 0.23
asteroid2.png	1.0 1.0	0.36 0.37	0.25 0.07	0.50 0.26
asteroid2.png	1.0 1.0	0.00 0.00	0.80 0.29	0.64 0.31
asteroid2.png	1.0 1.0	0.25 0.32	0.05 0.23	0.25 0.07
asteroid2.png	1.0 1.0	0.36 0.37	0.25 0.32	0.25 0.07
asteroid2.png	1.0 1.0	0.56 0.48	0.50 0.26	0.64 0.31
asteroid2.png	1.0 1.0	0.99 0.45	0.80 0.29	1.00 0.22
asteroid2.png	1.0 1.0	0.05 0.23	0.02 0.48	1.00 0.22
asteroid2.png	1.0 1.0	0.48 0.48	0.36 0.37	0.50 0.26
asteroid2.png	1.0 1.0	0.71 0.49	0.64 0.31	0.80 0.29
asteroid2.png	1.0 1.0	0.25 0.51	0.05 0.23	0.25 0.32
asteroid2.png	1.0 1.0	0.36 0.37	0.25 0.51	0.25 0.32
asteroid2.png	1.0 1.0	0.50 0.26	0.56 0.48	0.48 0.48
asteroid2.png	1.0 1.0	1.00 0.22	0.02 0.48	0.99 0.45
asteroid2.png	1.0 1.0	0.64 0.31	0.63 0.48	0.56 0.48
asteroid2.png	1.0 1.0	0.71 0.49	0.63 0.48	0.64 0.31
asteroid2.png	1.0 1.0	0.99 0.45	0.82 0.59	0.80 0.29
asteroid2.png	1.0 1.0	0.80 0.29	0.82 0.59	0.71 0.49
asteroid2.png	1.0 1.0	0.12 0.62	0.02 0.48	0.05 0.23
asteroid2.png	1.0 1.0	0.48 0.48	0.38 0.63	0.36 0.37
asteroid2.png	1.0 1.0	0.12 0.62	0.05 0.23	0.25 0.51
asteroid2.png	1.0 1.0	0.38 0.63	0.25 0.51	0.36 0.37
asteroid2.png	1.0 1.0	0.61 0.64	0.56 0.48	0.63 0.48
asteroid2.png	1.0 1.0	0.61 0.64	0.63 0.48	0.71 0.49
asteroid2.png	1.0 1.0	0.50 0.68	0.48 0.48	0.56 0.48
asteroid2.png	1.0 1.0	0.99 0.45	0.02 0.48	0.00 0.66
asteroid2.png	1.0 1.0	0.74 0.74	0.71 0.49	0.82 0.59
asteroid2.png	1.0 1.0	0.97 0.69	0.82 0.59	0.99 0.45
asteroid2.png	1.0 1.0	0.02 0.48	0.12 0.62	0.00 0.66
asteroid2.png	1.0 1.0	0.50 0.68	0.38 0.63	0.48 0.48
asteroid2.png	1.0 1.0	0.50 0.68	0.56 0.48	0.61 0.64
asteroid2.png	1.0 1.0	0.61 0.64	0.71 0.49	0.74 0.74
asteroid2.png	1.0 1.0	0.24 0.72	0.12 0.62	0.25 0.51
asteroid2.png	1.0 1.0	0.38 0.63	0.24 0.72	0.25 0.51
asteroid2.png	1.0 1.0	0.99 0.45	0.00 0.66	0.97 0.69
asteroid2.png	1.0 1.0	0.97 0.69	0.74 0.74	0.82 0.59
asteroid2.png	1.0 1.0	0.34 0.93	0.38 0.63	0.50 0.68
asteroid2.png	1.0 1.0	0.12 0.62	0.11 0.81	0.00 0.66
asteroid2.png	1.0 1.0	0.55 0.84	0.50 0.68	0.61 0.64
asteroid2.png	1.0 1.0	0.55 0.84	0.61 0.64	0.74 0.74
asteroid2.png	1.0 1.0	0.12 0.62	0.24 0.72	0.11 0.81
asteroid2.png	1.0 1.0	0.34 0.93	0.24 0.72	0.38 0.63
asteroid2.png	1.0 1.0	0.99 0.78	0.97 0.69	0.00 0.66
asteroid2.png	1.0 1.0	0.94 0.93	0.74 0.74	0.97 0.69
asteroid2.png	1.0 1.0	0.55 0.84	0.34 0.93	0.50 0.68
asteroid2.png	1.0 1.0	0.11 0.81	0.99 0.78	0.00 0.66
asteroid2.png	1.0 1.0	0.11 0.81	0.24 0.72	0.34 0.93
asteroid2.png	1.0 1.0	0.94 0.93	0.55 0.84	0.74 0.74
asteroid2.png	1.0 1.0	0.99 0.78	0.94 0.93	0.97 0.69
asteroid2.png	1.0 1.0	0.94 0.93	0.34 0.93	0.55 0.84
asteroid2.png	1.0 1.0	0.34 0.93	0.94 0.93	0.11 0.81
asteroid2.png	1.0 1.0	0.99 0.78	0.11 0.81	0.94 0.93

END
