NVERTS 30
NFACES 56

VERTEX
-0.28, 153.70, 20.40
-141.50, -25.56, -23.48
2.70, -166.30, 23.42
154.98, -82.60, -26.72
154.38, 111.66, -6.20
115.42, 3.12, 122.26
-76.62, -6.04, 141.48
22.00, 58.02, -143.66
-1.22, -127.22, -132.08
-49.70, 75.02, 97.02
-90.64, 78.46, -2.80
-117.42, -16.20, 70.52
-46.58, -88.20, 96.66
-88.28, -113.72, 0.78
-74.76, -87.30, -94.76
0.98, -158.20, -63.78
-71.20, 26.68, -101.84
6.22, -46.24, -143.94
4.12, 125.22, -72.20
64.52, 97.36, 90.30
13.46, -2.70, 137.66
67.80, -96.72, 88.46
101.24, 97.08, -75.38
90.28, 142.42, 1.64
93.94, -142.52, -1.02
75.30, -115.20, -92.18
102.08, -12.30, -99.84
149.30, 66.44, 59.18
152.24, -49.02, 55.68
162.74, 23.70, -12.84

FACES
127,127,127,	-0.25194,0.94376,0.21410,	3,	11,10,1
127,127,127,	-0.97663,-0.03549,-0.21197,	3,	13,11,1
127,127,127,	-0.10259,-0.93315,0.34455,	3,	1,14,13
127,127,127,	0.87595,-0.38204,-0.29455,	3,	1,10,16
127,127,127,	0.81301,0.56875,-0.12464,	3,	1,16,14
127,127,127,	0.49900,0.00123,0.86660,	3,	10,11,9
127,127,127,	-0.47550,-0.01088,0.87965,	3,	12,11,13
127,127,127,	0.07238,0.35738,-0.93115,	3,	6,9,11
127,127,127,	-0.07830,-0.60189,-0.79473,	3,	12,6,11
127,127,127,	-0.44122,0.61826,0.65045,	3,	15,13,14
127,127,127,	-0.78252,0.62047,-0.05175,	3,	18,16,10
127,127,127,	-0.91337,-0.02554,0.40632,	3,	9,0,10
127,127,127,	-0.34060,-0.61945,0.70730,	3,	17,14,16
127,127,127,	-0.71052,-0.69761,0.09226,	3,	2,12,13
127,127,127,	-0.68140,-0.40694,-0.60835,	3,	20,9,6
127,127,127,	-0.13223,-0.94972,-0.28381,	3,	12,20,6
127,127,127,	-0.64158,0.29898,-0.70639,	3,	10,0,18
127,127,127,	-0.00796,-0.08938,-0.99597,	3,	13,15,2
127,127,127,	-0.22400,0.82968,-0.51133,	3,	14,8,15
127,127,127,	0.19288,0.63778,0.74568,	3,	17,8,14
127,127,127,	0.06452,-0.00070,0.99792,	3,	18,7,16
127,127,127,	0.28788,-0.60650,0.74114,	3,	16,7,17
127,127,127,	0.53771,0.52772,-0.65755,	3,	19,0,9
127,127,127,	0.32626,0.94312,0.06382,	3,	2,21,12
127,127,127,	0.51640,-0.85114,0.09427,	3,	19,9,20
127,127,127,	0.53101,-0.55487,-0.64043,	3,	21,20,12
127,127,127,	0.64651,-0.02379,-0.76254,	3,	25,15,8
127,127,127,	0.78421,0.38967,0.48288,	3,	25,8,17
127,127,127,	0.85544,-0.33225,0.39729,	3,	18,0,23
127,127,127,	0.96463,0.05415,-0.25798,	3,	24,2,15
127,127,127,	0,0,0,	3,	22,7,18
127,127,127,	0,0,0,	3,	26,17,7
127,127,127,	0,0,0,	3,	0,19,23
127,127,127,	0,0,0,	3,	24,21,2
127,127,127,	0,0,0,	3,	24,15,25
127,127,127,	0,0,0,	3,	25,17,26
127,127,127,	0,0,0,	3,	5,19,20
127,127,127,	0,0,0,	3,	18,23,22
127,127,127,	0,0,0,	3,	21,5,20
127,127,127,	0,0,0,	3,	22,26,7
127,127,127,	0,0,0,	3,	19,27,23
127,127,127,	0,0,0,	3,	28,21,24
127,127,127,	0,0,0,	3,	3,24,25
127,127,127,	0,0,0,	3,	19,5,27
127,127,127,	0,0,0,	3,	3,25,26
127,127,127,	0,0,0,	3,	28,5,21
127,127,127,	0,0,0,	3,	4,22,23
127,127,127,	0,0,0,	3,	29,26,22
127,127,127,	0,0,0,	3,	27,4,23
127,127,127,	0,0,0,	3,	3,28,24
127,127,127,	0,0,0,	3,	27,5,28
127,127,127,	0,0,0,	3,	4,29,22
127,127,127,	0,0,0,	3,	29,3,26
127,127,127,	0,0,0,	3,	28,29,27
127,127,127,	0,0,0,	3,	4,27,29
127,127,127,	0,0,0,	3,	29,28,3

TEXTURES
asteroid1.png	1.0 1.0	0.25 0.07	1.00 0.22	0.00 0.00
asteroid1.png	1.0 1.0	0.50 0.26	0.25 0.07	0.00 0.00
asteroid1.png	1.0 1.0	0.00 0.00	0.64 0.31	0.50 0.26
asteroid1.png	1.0 1.0	0.00 0.00	1.00 0.22	0.80 0.29
asteroid1.png	1.0 1.0	0.00 0.00	0.80 0.29	0.64 0.31
asteroid1.png	1.0 1.0	1.00 0.22	0.25 0.07	0.05 0.23
asteroid1.png	1.0 1.0	0.36 0.37	0.25 0.07	0.50 0.26
asteroid1.png	1.0 1.0	0.25 0.32	0.05 0.23	0.25 0.07
asteroid1.png	1.0 1.0	0.36 0.37	0.25 0.32	0.25 0.07
asteroid1.png	1.0 1.0	0.56 0.48	0.50 0.26	0.64 0.31
asteroid1.png	1.0 1.0	0.99 0.45	0.80 0.29	1.00 0.22
asteroid1.png	1.0 1.0	0.05 0.23	0.02 0.48	1.00 0.22
asteroid1.png	1.0 1.0	0.71 0.49	0.64 0.31	0.80 0.29
asteroid1.png	1.0 1.0	0.48 0.48	0.36 0.37	0.50 0.26
asteroid1.png	1.0 1.0	0.25 0.51	0.05 0.23	0.25 0.32
asteroid1.png	1.0 1.0	0.36 0.37	0.25 0.51	0.25 0.32
asteroid1.png	1.0 1.0	1.00 0.22	0.02 0.48	0.99 0.45
asteroid1.png	1.0 1.0	0.50 0.26	0.56 0.48	0.48 0.48
asteroid1.png	1.0 1.0	0.64 0.31	0.63 0.48	0.56 0.48
asteroid1.png	1.0 1.0	0.71 0.49	0.63 0.48	0.64 0.31
asteroid1.png	1.0 1.0	0.99 0.45	0.82 0.59	0.80 0.29
asteroid1.png	1.0 1.0	0.80 0.29	0.82 0.59	0.71 0.49
asteroid1.png	1.0 1.0	0.12 0.62	0.02 0.48	0.05 0.23
asteroid1.png	1.0 1.0	0.48 0.48	0.38 0.63	0.36 0.37
asteroid1.png	1.0 1.0	0.12 0.62	0.05 0.23	0.25 0.51
asteroid1.png	1.0 1.0	0.38 0.63	0.25 0.51	0.36 0.37
asteroid1.png	1.0 1.0	0.61 0.64	0.56 0.48	0.63 0.48
asteroid1.png	1.0 1.0	0.61 0.64	0.63 0.48	0.71 0.49
asteroid1.png	1.0 1.0	0.99 0.45	0.02 0.48	0.00 0.66
asteroid1.png	1.0 1.0	0.50 0.68	0.48 0.48	0.56 0.48
asteroid1.png	1.0 1.0	0.97 0.69	0.82 0.59	0.99 0.45
asteroid1.png	1.0 1.0	0.74 0.74	0.71 0.49	0.82 0.59
asteroid1.png	1.0 1.0	0.02 0.48	0.12 0.62	0.00 0.66
asteroid1.png	1.0 1.0	0.50 0.68	0.38 0.63	0.48 0.48
asteroid1.png	1.0 1.0	0.50 0.68	0.56 0.48	0.61 0.64
asteroid1.png	1.0 1.0	0.61 0.64	0.71 0.49	0.74 0.74
asteroid1.png	1.0 1.0	0.24 0.72	0.12 0.62	0.25 0.51
asteroid1.png	1.0 1.0	0.99 0.45	0.00 0.66	0.97 0.69
asteroid1.png	1.0 1.0	0.38 0.63	0.24 0.72	0.25 0.51
asteroid1.png	1.0 1.0	0.97 0.69	0.74 0.74	0.82 0.59
asteroid1.png	1.0 1.0	0.12 0.62	0.11 0.81	0.00 0.66
asteroid1.png	1.0 1.0	0.34 0.93	0.38 0.63	0.50 0.68
asteroid1.png	1.0 1.0	0.55 0.84	0.50 0.68	0.61 0.64
asteroid1.png	1.0 1.0	0.12 0.62	0.24 0.72	0.11 0.81
asteroid1.png	1.0 1.0	0.55 0.84	0.61 0.64	0.74 0.74
asteroid1.png	1.0 1.0	0.34 0.93	0.24 0.72	0.38 0.63
asteroid1.png	1.0 1.0	0.99 0.78	0.97 0.69	0.00 0.66
asteroid1.png	1.0 1.0	0.94 0.93	0.74 0.74	0.97 0.69
asteroid1.png	1.0 1.0	0.11 0.81	0.99 0.78	0.00 0.66
asteroid1.png	1.0 1.0	0.55 0.84	0.34 0.93	0.50 0.68
asteroid1.png	1.0 1.0	0.11 0.81	0.24 0.72	0.34 0.93
asteroid1.png	1.0 1.0	0.99 0.78	0.94 0.93	0.97 0.69
asteroid1.png	1.0 1.0	0.94 0.93	0.55 0.84	0.74 0.74
asteroid1.png	1.0 1.0	0.34 0.93	0.94 0.93	0.11 0.81
asteroid1.png	1.0 1.0	0.99 0.78	0.11 0.81	0.94 0.93
asteroid1.png	1.0 1.0	0.94 0.93	0.34 0.93	0.55 0.84

END
