NVERTS 6
NFACES 8

VERTEX
-66.00, 0.00, 99.00
-118.80, 0.00, 158.40
-125.40, -3.30, -198.00
-125.40, 3.30, -198.00
-198.00, 0.00, -132.00
-132.00, 0.00, -198.00

FACES
127,127,127,	-0.01020,0.99991,-0.00907,	3,	0,2,1
127,127,127,	-0.98058,0.00000,0.19612,	3,	0,3,2
127,127,127,	0.03640,0.99929,-0.00993,	3,	1,2,4
127,127,127,	-0.01020,-0.99991,-0.00907,	3,	1,3,0
127,127,127,	0.40825,0.81650,0.40825,	3,	2,5,4
127,127,127,	0.00000,0.00000,1.00000,	3,	3,5,2
127,127,127,	0.03640,-0.99929,-0.00993,	3,	4,3,1
127,127,127,	0.40825,-0.81650,0.40825,	3,	4,5,3

TEXTURES
cougarwing.png	1.0 1.0	0.68 0.04	0.02 0.92	0.97 0.04
cougarwing.png	1.0 1.0	0.99 0.07	0.37 0.98	0.39 0.99
cougarwing.png	1.0 1.0	0.97 0.04	0.02 0.92	0.37 0.96
cougarwing.png	1.0 1.0	0.97 0.04	0.02 0.92	0.68 0.04
cougarwing.png	1.0 1.0	0.02 0.92	0.03 0.94	0.37 0.96
cougarwing.png	1.0 1.0	0.02 0.48	0.01 0.46	0.00 0.48
cougarwing.png	1.0 1.0	0.37 0.96	0.02 0.92	0.97 0.04
cougarwing.png	1.0 1.0	0.37 0.96	0.03 0.94	0.02 0.92

END
