NVERTS 55
NFACES 106

VERTEX
-113.79, -22.13, 87.32
113.79, -22.02, 87.32
160.00, -34.41, -28.19
113.79, -22.02, -144.14
-113.79, -22.13, -144.14
-160.00, -34.51, -28.19
-56.12, -0.37, 25.98
56.12, -0.26, 25.98
77.79, -6.07, -28.19
1.27, 19.42, -189.43
-77.79, -6.17, -28.19
-23.71, 2.01, -27.99
23.71, 2.11, -27.99
35.37, -1.01, -56.92
1.27, -17.92, -127.88
-35.37, -1.11, -56.92
-77.50, -18.42, 43.49
77.50, -18.32, 43.49
109.31, -26.84, -36.00
-109.31, -26.95, -36.00
-32.65, -0.39, 205.64
32.65, -0.28, 205.64
-17.82, 19.11, 46.51
-8.93, 3.71, 46.51
8.85, 3.71, 46.51
17.74, 19.11, 46.51
8.85, 34.51, 46.51
-8.93, 34.51, 46.51
-12.19, 19.11, -36.94
12.12, 19.11, -36.94
-0.04, -8.14, -67.91
-0.04, 27.20, -69.01
-40.80, 7.03, -95.33
40.80, 7.14, -95.34
54.11, -15.66, -101.43
-54.11, -15.76, -101.43
-26.81, 11.71, -198.55
-26.81, -16.21, -197.39
27.26, -16.08, -197.39
27.26, 11.84, -198.55
-0.04, -28.13, -189.88
-19.47, -13.26, -205.64
-0.04, -24.48, -205.64
19.39, -13.26, -205.64
0.88, 18.19, -205.64
-19.75, 5.57, -205.64
19.38, 5.57, -205.64
0.42, -4.34, -151.14
-8.93, 19.11, 72.71
-4.48, 11.41, 72.71
4.41, 11.41, 72.71
8.85, 19.11, 72.71
4.41, 26.81, 72.71
-4.48, 26.81, 72.71
-0.04, 19.11, 72.71

FACES
127,127,127,	-0.32574,0.94501,0.02902,	3,	0,10,6
127,127,127,	0.15411,-0.98707,0.04416,	3,	0,19,5
127,127,127,	0.17418,-0.98281,0.06114,	3,	0,20,16
127,127,127,	0.32574,0.94501,0.02902,	3,	1,8,2
127,127,127,	-0.15411,-0.98707,0.04416,	3,	1,18,17
127,127,127,	0.31415,0.94848,0.04115,	3,	1,21,7
127,127,127,	0.32574,0.94502,-0.02890,	3,	2,8,3
127,127,127,	-0.15411,-0.98707,0.04416,	3,	2,18,1
127,127,127,	-0.13989,-0.98891,-0.04986,	3,	3,18,2
127,127,127,	0.35511,0.93443,-0.02721,	3,	3,33,9
127,127,127,	-0.14115,-0.98873,-0.04990,	3,	3,34,18
127,127,127,	-0.04254,-0.99820,-0.04235,	3,	3,38,14
127,127,127,	0.52207,-0.03546,-0.85217,	3,	3,39,38
127,127,127,	-0.32574,0.94502,-0.02890,	3,	4,10,5
127,127,127,	-0.36173,0.93215,-0.01596,	3,	4,32,10
127,127,127,	0.01920,-0.99246,0.12108,	3,	4,35,14
127,127,127,	-0.29732,0.94792,0.11422,	3,	4,36,9
127,127,127,	-0.52012,-0.03551,-0.85336,	3,	4,37,36
127,127,127,	-0.32574,0.94501,0.02902,	3,	5,10,0
127,127,127,	0.13989,-0.98891,-0.04986,	3,	5,19,4
127,127,127,	-0.31415,0.94848,0.04115,	3,	6,20,0
127,127,127,	0.32574,0.94501,0.02902,	3,	7,8,1
127,127,127,	0.14956,0.98767,-0.04635,	3,	7,12,13
127,127,127,	0.14911,0.98774,-0.04623,	3,	7,13,8
127,127,127,	0.05992,0.99817,0.00794,	3,	7,21,12
127,127,127,	0.36172,0.93215,-0.01596,	3,	8,33,3
127,127,127,	-0.35118,0.93569,-0.03384,	3,	9,32,4
127,127,127,	0.41187,0.90962,-0.05429,	3,	9,33,31
127,127,127,	0.30969,0.94596,0.09620,	3,	9,39,3
127,127,127,	0.25335,0.96412,-0.07932,	3,	9,44,39
127,127,127,	-0.14926,0.98770,-0.04647,	3,	10,15,11
127,127,127,	-0.14927,0.98772,-0.04617,	3,	10,11,6
127,127,127,	0.02185,0.97861,0.20454,	3,	10,32,15
127,127,127,	-0.05992,0.99817,0.00794,	3,	11,20,6
127,127,127,	-0.32263,-0.94612,-0.02784,	3,	12,18,13
127,127,127,	-0.35995,-0.93296,0.00421,	3,	12,21,17
127,127,127,	-0.06024,-0.73756,0.67258,	3,	13,30,29
127,127,127,	-0.02180,0.97863,0.20448,	3,	13,33,8
127,127,127,	0.08206,-0.93589,0.34260,	3,	13,34,30
127,127,127,	-0.01859,-0.99237,0.12191,	3,	14,34,3
127,127,127,	0.03885,-0.98608,0.16170,	3,	14,35,30
127,127,127,	0.04242,-0.99823,-0.04174,	3,	14,37,4
127,127,127,	-0.43794,-0.88552,0.15510,	3,	14,40,37
127,127,127,	0.32248,-0.94617,-0.02777,	3,	15,16,11
127,127,127,	0.32267,-0.94611,-0.02767,	3,	15,19,16
127,127,127,	-0.63420,0.77181,-0.04578,	3,	15,31,28
127,127,127,	-0.55312,0.79563,0.24702,	3,	15,32,31
127,127,127,	0.36352,-0.91951,0.14953,	3,	15,35,19
127,127,127,	0.15411,-0.98707,0.04416,	3,	16,19,0
127,127,127,	0.35995,-0.93296,0.00421,	3,	16,20,11
127,127,127,	-0.32262,-0.94613,-0.02765,	3,	17,18,12
127,127,127,	-0.17418,-0.98281,0.06114,	3,	17,21,1
127,127,127,	-0.36352,-0.91951,0.14953,	3,	18,34,13
127,127,127,	0.14115,-0.98873,-0.04990,	3,	19,35,4
127,127,127,	-0.86455,0.49915,-0.05828,	3,	22,28,27
127,127,127,	-0.83087,-0.47970,0.28202,	3,	22,48,49
127,127,127,	-0.83087,-0.47970,0.28202,	3,	22,49,23
127,127,127,	-0.86455,-0.49915,-0.05828,	3,	23,28,22
127,127,127,	-0.92619,-0.37559,-0.03307,	3,	23,30,28
127,127,127,	0.00000,-0.95941,0.28202,	3,	23,49,50
127,127,127,	0.00000,-0.95941,0.28202,	3,	23,50,24
127,127,127,	0.00000,-0.99468,0.10300,	3,	24,30,23
127,127,127,	0.83087,-0.47970,0.28202,	3,	24,50,51
127,127,127,	0.83087,-0.47970,0.28202,	3,	24,51,25
127,127,127,	0.86455,-0.49915,-0.05828,	3,	25,29,24
127,127,127,	0.83087,0.47970,0.28202,	3,	25,51,52
127,127,127,	0.83087,0.47970,0.28202,	3,	25,52,26
127,127,127,	0.86455,0.49915,-0.05828,	3,	26,29,25
127,127,127,	0.71870,0.68825,-0.09888,	3,	26,31,29
127,127,127,	0.00000,0.95941,0.28202,	3,	26,52,53
127,127,127,	0.00000,0.95941,0.28202,	3,	26,53,27
127,127,127,	0.00000,0.99800,-0.06318,	3,	27,31,26
127,127,127,	-0.83087,0.47970,0.28202,	3,	27,53,48
127,127,127,	-0.83087,0.47970,0.28202,	3,	27,48,22
127,127,127,	0.06281,-0.73693,0.67304,	3,	28,30,15
127,127,127,	-0.71870,0.68825,-0.09888,	3,	28,31,27
127,127,127,	0.92619,-0.37559,-0.03307,	3,	29,30,24
127,127,127,	0.63173,0.77392,-0.04432,	3,	29,31,13
127,127,127,	-0.03794,-0.98638,0.16007,	3,	30,34,14
127,127,127,	-0.07982,-0.93637,0.34181,	3,	30,35,15
127,127,127,	-0.40944,0.91014,-0.06325,	3,	31,32,9
127,127,127,	0.55087,0.79722,0.24695,	3,	31,33,13
127,127,127,	-0.24360,0.96752,-0.06761,	3,	36,44,9
127,127,127,	-0.32440,0.53043,-0.78320,	3,	36,45,44
127,127,127,	-0.74145,-0.02790,-0.67043,	3,	37,41,36
127,127,127,	0.43155,-0.89152,0.13773,	3,	38,40,14
127,127,127,	0.22921,-0.83309,-0.50342,	3,	38,43,40
127,127,127,	0.71815,-0.02893,-0.69529,	3,	39,43,38
127,127,127,	0.66855,0.00027,-0.74367,	3,	39,46,43
127,127,127,	-0.23004,-0.83333,-0.50263,	3,	40,41,37
127,127,127,	-0.49023,-0.84910,-0.19676,	3,	40,42,41
127,127,127,	0.49023,-0.84910,-0.19676,	3,	40,43,42
127,127,127,	-0.71304,-0.01086,-0.70104,	3,	41,45,36
127,127,127,	0.93853,0.01429,-0.34489,	3,	41,47,45
127,127,127,	0.47562,0.82379,-0.30848,	3,	42,47,41
127,127,127,	-0.47678,0.82581,-0.30120,	3,	43,47,42
127,127,127,	0.33412,0.48988,-0.80522,	3,	44,46,39
127,127,127,	-0.53246,-0.78067,-0.32717,	3,	44,47,46
127,127,127,	0.49272,-0.80566,-0.32885,	3,	45,47,44
127,127,127,	-0.94443,-0.00039,-0.32871,	3,	46,47,43
127,127,127,	0.00000,0.00000,1.00000,	3,	48,54,49
127,127,127,	-0.00000,0.00000,1.00000,	3,	49,54,50
127,127,127,	0.00000,-0.00000,1.00000,	3,	50,54,51
127,127,127,	-0.00000,0.00000,1.00000,	3,	51,54,52
127,127,127,	0.00000,0.00000,1.00000,	3,	52,54,53
127,127,127,	-0.00000,0.00000,1.00000,	3,	53,54,48

TEXTURES
dugite.png	1.0 1.0	0.27 0.40	0.35 0.64	0.39 0.53
dugite.png	1.0 1.0	0.01 0.48	0.12 0.25	0.01 0.22
dugite.png	1.0 1.0	0.01 0.48	0.07 0.77	0.11 0.43
dugite.png	1.0 1.0	0.74 0.40	0.67 0.64	0.84 0.64
dugite.png	1.0 1.0	0.99 0.48	0.89 0.25	0.89 0.43
dugite.png	1.0 1.0	0.74 0.40	0.57 0.16	0.62 0.53
dugite.png	1.0 1.0	0.84 0.64	0.67 0.64	0.74 0.88
dugite.png	1.0 1.0	1.00 0.23	0.89 0.25	0.99 0.48
dugite.png	1.0 1.0	0.82 0.04	0.89 0.25	1.00 0.23
dugite.png	1.0 1.0	0.74 0.88	0.59 0.78	0.51 0.97
dugite.png	1.0 1.0	0.82 0.04	0.73 0.17	0.89 0.25
dugite.png	1.0 1.0	0.82 0.04	0.61 0.00	0.61 0.16
dugite.png	1.0 1.0	0.57 1.00	0.76 0.99	0.74 0.94
dugite.png	1.0 1.0	0.27 0.88	0.35 0.64	0.18 0.64
dugite.png	1.0 1.0	0.27 0.88	0.42 0.78	0.35 0.64
dugite.png	1.0 1.0	0.19 0.04	0.27 0.17	0.40 0.16
dugite.png	1.0 1.0	0.27 0.88	0.45 1.00	0.51 0.97
dugite.png	1.0 1.0	1.00 0.81	0.84 0.89	0.87 0.95
dugite.png	1.0 1.0	0.18 0.64	0.35 0.64	0.27 0.40
dugite.png	1.0 1.0	0.01 0.22	0.12 0.25	0.19 0.04
dugite.png	1.0 1.0	0.39 0.53	0.44 0.16	0.27 0.40
dugite.png	1.0 1.0	0.62 0.53	0.67 0.64	0.74 0.40
dugite.png	1.0 1.0	0.62 0.53	0.56 0.64	0.58 0.70
dugite.png	1.0 1.0	0.62 0.53	0.58 0.70	0.67 0.64
dugite.png	1.0 1.0	0.62 0.53	0.57 0.16	0.56 0.64
dugite.png	1.0 1.0	0.67 0.64	0.59 0.78	0.74 0.88
dugite.png	1.0 1.0	0.51 0.97	0.42 0.78	0.27 0.88
dugite.png	1.0 1.0	0.51 0.97	0.59 0.78	0.51 0.73
dugite.png	1.0 1.0	0.51 0.97	0.56 1.00	0.74 0.88
dugite.png	1.0 1.0	0.82 1.00	0.82 0.98	0.76 0.99
dugite.png	1.0 1.0	0.35 0.64	0.43 0.70	0.46 0.64
dugite.png	1.0 1.0	0.35 0.64	0.46 0.64	0.39 0.53
dugite.png	1.0 1.0	0.35 0.64	0.42 0.78	0.43 0.70
dugite.png	1.0 1.0	0.46 0.64	0.44 0.16	0.39 0.53
dugite.png	1.0 1.0	0.73 0.33	0.89 0.25	0.73 0.27
dugite.png	1.0 1.0	0.73 0.33	0.92 0.78	0.89 0.43
dugite.png	1.0 1.0	0.73 0.27	0.65 0.27	0.69 0.33
dugite.png	1.0 1.0	0.58 0.70	0.59 0.78	0.67 0.64
dugite.png	1.0 1.0	0.73 0.27	0.73 0.17	0.65 0.27
dugite.png	1.0 1.0	0.61 0.16	0.73 0.17	0.82 0.04
dugite.png	1.0 1.0	0.40 0.16	0.27 0.17	0.35 0.28
dugite.png	1.0 1.0	0.40 0.16	0.40 0.01	0.19 0.04
dugite.png	1.0 1.0	0.40 0.16	0.44 0.04	0.40 0.01
dugite.png	1.0 1.0	0.28 0.27	0.11 0.43	0.28 0.34
dugite.png	1.0 1.0	0.28 0.27	0.12 0.25	0.11 0.43
dugite.png	1.0 1.0	0.43 0.70	0.51 0.73	0.48 0.66
dugite.png	1.0 1.0	0.43 0.70	0.42 0.78	0.51 0.73
dugite.png	1.0 1.0	0.28 0.27	0.27 0.17	0.12 0.25
dugite.png	1.0 1.0	0.11 0.43	0.12 0.25	0.01 0.48
dugite.png	1.0 1.0	0.11 0.43	0.07 0.77	0.28 0.34
dugite.png	1.0 1.0	0.89 0.43	0.89 0.25	0.73 0.33
dugite.png	1.0 1.0	0.89 0.43	0.92 0.78	0.99 0.48
dugite.png	1.0 1.0	0.89 0.25	0.73 0.17	0.73 0.27
dugite.png	1.0 1.0	0.12 0.25	0.27 0.17	0.19 0.04
dugite.png	1.0 1.0	0.48 0.09	0.50 0.26	0.50 0.09
dugite.png	1.0 1.0	0.48 0.09	0.46 0.04	0.45 0.04
dugite.png	1.0 1.0	0.48 0.09	0.45 0.04	0.44 0.10
dugite.png	1.0 1.0	0.44 0.10	0.50 0.26	0.48 0.09
dugite.png	1.0 1.0	0.44 0.10	0.45 0.33	0.50 0.26
dugite.png	1.0 1.0	0.49 0.39	0.48 0.33	0.46 0.33
dugite.png	1.0 1.0	0.49 0.39	0.46 0.33	0.45 0.39
dugite.png	1.0 1.0	0.45 0.39	0.47 0.63	0.49 0.39
dugite.png	1.0 1.0	0.57 0.10	0.57 0.04	0.55 0.04
dugite.png	1.0 1.0	0.57 0.10	0.55 0.04	0.54 0.09
dugite.png	1.0 1.0	0.54 0.09	0.51 0.26	0.57 0.10
dugite.png	1.0 1.0	0.54 0.09	0.55 0.04	0.54 0.03
dugite.png	1.0 1.0	0.54 0.09	0.54 0.03	0.51 0.08
dugite.png	1.0 1.0	0.51 0.08	0.51 0.26	0.54 0.09
dugite.png	1.0 1.0	0.52 0.49	0.51 0.73	0.53 0.66
dugite.png	1.0 1.0	0.52 0.49	0.52 0.44	0.50 0.44
dugite.png	1.0 1.0	0.52 0.49	0.50 0.44	0.49 0.49
dugite.png	1.0 1.0	0.49 0.49	0.51 0.73	0.52 0.49
dugite.png	1.0 1.0	0.50 0.09	0.48 0.03	0.46 0.04
dugite.png	1.0 1.0	0.50 0.09	0.46 0.04	0.48 0.09
dugite.png	1.0 1.0	0.31 0.33	0.35 0.28	0.28 0.27
dugite.png	1.0 1.0	0.48 0.66	0.51 0.73	0.49 0.49
dugite.png	1.0 1.0	0.51 0.26	0.55 0.33	0.57 0.10
dugite.png	1.0 1.0	0.53 0.66	0.51 0.73	0.58 0.70
dugite.png	1.0 1.0	0.65 0.27	0.73 0.17	0.61 0.16
dugite.png	1.0 1.0	0.35 0.28	0.27 0.17	0.28 0.27
dugite.png	1.0 1.0	0.51 0.73	0.42 0.78	0.51 0.97
dugite.png	1.0 1.0	0.51 0.73	0.59 0.78	0.58 0.70
dugite.png	1.0 1.0	0.87 0.95	0.82 0.98	0.82 1.00
dugite.png	1.0 1.0	0.87 0.95	0.85 0.94	0.82 0.98
dugite.png	1.0 1.0	0.84 0.89	0.83 0.91	0.87 0.95
dugite.png	1.0 1.0	0.61 0.00	0.57 0.04	0.61 0.16
dugite.png	1.0 1.0	0.74 0.94	0.76 0.94	0.78 0.89
dugite.png	1.0 1.0	0.76 0.99	0.76 0.94	0.74 0.94
dugite.png	1.0 1.0	0.76 0.99	0.77 0.97	0.76 0.94
dugite.png	1.0 1.0	0.78 0.89	0.83 0.91	0.84 0.89
dugite.png	1.0 1.0	0.78 0.89	0.79 0.90	0.83 0.91
dugite.png	1.0 1.0	0.78 0.89	0.76 0.94	0.79 0.90
dugite.png	1.0 1.0	0.83 0.91	0.85 0.94	0.87 0.95
dugite.png	1.0 1.0	0.17 0.80	0.12 0.87	0.22 0.86
dugite.png	1.0 1.0	0.08 0.80	0.12 0.87	0.17 0.80
dugite.png	1.0 1.0	0.04 0.89	0.12 0.87	0.08 0.80
dugite.png	1.0 1.0	0.82 0.98	0.77 0.97	0.76 0.99
dugite.png	1.0 1.0	0.17 0.95	0.12 0.87	0.08 0.95
dugite.png	1.0 1.0	0.22 0.86	0.12 0.87	0.17 0.95
dugite.png	1.0 1.0	0.08 0.95	0.12 0.87	0.04 0.89
dugite.png	1.0 1.0	0.51 0.39	0.52 0.36	0.49 0.36
dugite.png	1.0 1.0	0.49 0.36	0.52 0.36	0.51 0.32
dugite.png	1.0 1.0	0.51 0.32	0.52 0.36	0.54 0.32
dugite.png	1.0 1.0	0.54 0.32	0.52 0.36	0.56 0.36
dugite.png	1.0 1.0	0.56 0.36	0.52 0.36	0.54 0.39
dugite.png	1.0 1.0	0.54 0.39	0.52 0.36	0.51 0.39

END
