NVERTS 8
NFACES 10

VERTEX
-16.00, -48.00, -250.00
-16.00, -48.00, 0.00
-16.00, 48.00, 0.00
-16.00, 48.00, -250.00
16.00, -48.00, -250.00
16.00, -48.00, 0.00
16.00, 48.00, 0.00
16.00, 48.00, -250.00

FACES
127,127,127,	-0.66667,-0.66667,0.33333,	3,	2,3,7
127,127,127,	-0.70711,-0.70711,0.00000,	3,	6,2,7
127,127,127,	-0.70711,0.70711,0.00000,	3,	0,1,5
127,127,127,	-0.40825,0.40825,0.81650,	3,	4,0,5
127,127,127,	0.66667,-0.33333,0.66667,	3,	2,0,3
127,127,127,	0.44721,-0.89443,0.00000,	3,	1,0,2
127,127,127,	0.89443,0.44721,0.00000,	3,	7,4,6
127,127,127,	0.40825,0.81650,0.40825,	3,	6,4,5
127,127,127,	0,0,0,	3,	5,2,1
127,127,127,	0,0,0,	3,	6,2,5

TEXTURES
darkmetal_2.png	1.0 1.0	0.00 1.00	0.00 0.00	0.50 0.00
darkmetal_2.png	1.0 1.0	0.50 1.00	0.00 1.00	0.50 0.00
darkmetal_2.png	1.0 1.0	0.00 0.00	0.00 1.00	0.50 1.00
darkmetal_2.png	1.0 1.0	0.50 0.00	0.00 0.00	0.50 1.00
darkmetal_2.png	1.0 1.0	1.00 1.00	0.50 0.00	0.50 1.00
darkmetal_2.png	1.0 1.0	1.00 0.00	0.50 0.00	1.00 1.00
darkmetal_2.png	1.0 1.0	0.50 1.00	0.50 0.00	1.00 1.00
darkmetal_2.png	1.0 1.0	1.00 1.00	0.50 0.00	1.00 0.00

END
