NVERTS 13
NFACES 14

VERTEX
-176.00, 0.00, 160.00
-174.00, -2.00, -56.00
-174.00, 2.00, -56.00
-180.00, 0.00, -54.00
176.00, 0.00, 160.00
174.00, -2.00, -56.00
174.00, 2.00, -56.00
180.00, 0.00, -54.00
0.00, 0.00, 160.00
-180.00, 0.00, -54.00
0.00, 40.00, -160.00
0.00, -40.00, -160.00
180.00, 0.00, -54.00

FACES
127,127,127,	-0.99840,0.00000,-0.05655,	3,	1,0,2
127,127,127,	-0.26727,0.68704,0.67568,	3,	2,0,3
127,127,127,	-0.26727,-0.68704,0.67568,	3,	2,3,1
127,127,127,	0.71019,0.00000,0.70401,	3,	3,0,1
127,127,127,	0.99840,0.00000,-0.05655,	3,	5,4,7
127,127,127,	0.26727,0.68704,0.67568,	3,	5,7,6
127,127,127,	0.26727,-0.68704,0.67568,	3,	6,4,5
127,127,127,	-0.71019,0.00000,0.70401,	3,	7,4,6
127,127,127,	0.00000,0.00000,-1.00000,	3,	9,8,11
127,127,127,	0.79191,0.00000,0.61064,	3,	10,8,9
127,127,127,	0.00000,-0.79893,0.60142,	3,	10,9,11
127,127,127,	0.00000,0.79893,0.60142,	3,	11,8,12
127,127,127,	-0.79191,0.00000,0.61064,	3,	11,12,10
127,127,127,	0,0,0,	3,	12,8,10

TEXTURES
krait.png	1.0 1.0	0.04 0.37	0.03 0.02	0.03 0.37
krait.png	1.0 1.0	0.06 0.36	0.03 0.02	0.05 0.36
krait.png	1.0 1.0	0.03 0.37	0.03 0.38	0.04 0.37
krait.png	1.0 1.0	0.05 0.36	0.03 0.02	0.04 0.37
krait.png	1.0 1.0	0.59 0.37	0.59 0.02	0.58 0.36
krait.png	1.0 1.0	0.59 0.37	0.59 0.38	0.59 0.37
krait.png	1.0 1.0	0.59 0.37	0.59 0.02	0.59 0.37
krait.png	1.0 1.0	0.58 0.36	0.59 0.02	0.57 0.36
krait.png	1.0 1.0	0.08 0.70	0.31 0.97	0.31 0.56
krait.png	1.0 1.0	0.31 0.44	0.31 0.03	0.08 0.30
krait.png	1.0 1.0	0.31 0.45	0.05 0.50	0.31 0.55
krait.png	1.0 1.0	0.31 0.56	0.31 0.97	0.54 0.70
krait.png	1.0 1.0	0.31 0.55	0.58 0.50	0.31 0.45
krait.png	1.0 1.0	0.54 0.30	0.31 0.03	0.31 0.44

END
