NVERTS 74
NFACES 144

VERTEX
-0.01, 2.55, 9.86
-17.02, 2.55, -119.43
-0.01, 2.55, -119.43
-0.01, 4.55, 122.57
-0.01, 11.30, 136.02
-11.47, 7.24, 120.17
-10.24, 20.94, -9.03
-10.21, 20.94, 46.17
-0.01, 25.67, 46.17
-0.01, 20.94, -9.03
-12.45, 35.34, -64.23
-0.01, 42.86, -64.23
-18.58, 33.41, -91.83
-19.26, 11.96, -119.43
-12.08, 25.73, -119.43
-29.25, 7.37, -36.63
-138.23, -24.84, 52.10
-99.39, -21.77, 102.57
-59.82, -11.17, 102.57
-74.13, -15.00, -117.37
-39.50, -6.87, 44.98
-17.02, 2.55, 46.17
-70.61, -4.31, -118.17
-76.56, -5.91, -117.37
-119.50, -27.16, -92.36
-56.73, -10.34, 65.92
-177.56, -42.72, -4.06
-121.93, -18.06, -92.36
-180.00, -33.62, -4.06
-142.73, -26.82, 177.57
-141.88, -29.97, 177.57
-137.19, -28.71, 177.29
-138.03, -25.57, 177.29
-0.01, 2.55, 90.65
-21.99, 11.75, 90.65
-9.60, 20.94, 90.65
-0.01, 23.34, 90.65
-0.01, 18.44, 126.88
-141.16, -30.55, 46.42
-142.39, -25.95, 46.42
-137.00, -29.44, 52.10
17.01, 2.55, -119.43
11.46, 7.24, 120.17
10.23, 20.94, -9.03
10.20, 20.94, 46.17
12.44, 35.34, -64.23
18.57, 33.41, -91.83
19.25, 11.96, -119.43
12.06, 25.73, -119.43
29.24, 7.37, -36.63
138.23, -24.98, 52.10
59.82, -11.31, 102.57
99.39, -21.91, 102.57
73.98, -15.10, -116.91
39.81, -7.01, 44.91
17.01, 2.55, 46.17
70.61, -4.45, -118.17
76.41, -6.01, -116.91
119.50, -27.30, -92.36
177.56, -42.86, -4.06
56.73, -10.48, 65.92
180.00, -33.76, -4.06
121.93, -18.21, -92.36
142.73, -26.97, 177.57
138.03, -25.71, 177.29
137.19, -28.85, 177.29
141.88, -30.11, 177.57
21.98, 11.75, 90.65
9.58, 20.94, 90.65
142.39, -26.09, 46.42
141.16, -30.70, 46.42
137.00, -29.58, 52.10
-123.21, 9.46, -177.57
123.21, 9.32, -177.57

FACES
127,127,127,	0.00000,1.00000,-0.00000,	3,	2,1,0
127,127,127,	0.29013,0.85541,-0.42906,	3,	5,4,3
127,127,127,	0.42048,-0.90730,-0.00023,	3,	8,7,6
127,127,127,	0.00000,-0.99635,0.08535,	3,	6,9,8
127,127,127,	0.50214,-0.83166,-0.23706,	3,	11,6,10
127,127,127,	0.51609,-0.85478,-0.05482,	3,	10,12,11
127,127,127,	0.00000,0.00000,1.00000,	3,	13,1,2
127,127,127,	-0.00000,0.00000,1.00000,	3,	13,2,14
127,127,127,	0.74271,-0.64006,-0.19674,	3,	6,15,10
127,127,127,	0.25631,-0.95654,-0.13906,	3,	18,17,16
127,127,127,	-0.29220,0.95558,0.03845,	3,	19,0,1
127,127,127,	-0.23145,0.97285,0.00068,	3,	0,19,20
127,127,127,	-0.37272,0.91136,-0.17464,	3,	20,21,0
127,127,127,	0.30167,-0.95327,-0.01646,	3,	22,13,15
127,127,127,	0.48527,-0.86580,-0.12211,	3,	22,15,21
127,127,127,	0.38896,-0.91699,-0.08857,	3,	20,22,21
127,127,127,	0.03357,0.00800,0.99940,	3,	19,1,13
127,127,127,	0.00083,0.07446,0.99722,	3,	13,22,19
127,127,127,	0.12444,0.03334,0.99167,	3,	19,22,23
127,127,127,	-0.21742,0.97592,-0.01748,	3,	25,20,24
127,127,127,	-0.25882,0.96593,0.00000,	3,	24,26,25
127,127,127,	0.20053,-0.97885,-0.04061,	3,	28,27,20
127,127,127,	0.18927,-0.98190,-0.00668,	3,	20,25,28
127,127,127,	0.79844,0.21394,0.56278,	3,	26,24,27
127,127,127,	0.79844,0.21394,0.56278,	3,	27,28,26
127,127,127,	-0.25882,0.96593,0.00000,	3,	17,18,26
127,127,127,	0.18903,-0.98195,-0.00624,	3,	18,28,25
127,127,127,	-0.05418,-0.01452,-0.99843,	3,	31,30,29
127,127,127,	-0.05418,-0.01452,-0.99843,	3,	29,32,31
127,127,127,	0.00000,1.00000,0.00000,	3,	33,0,21
127,127,127,	0.38191,0.91259,-0.14605,	3,	21,34,33
127,127,127,	0.42047,-0.90729,-0.00579,	3,	35,7,8
127,127,127,	0.24198,-0.96895,-0.05082,	3,	8,36,35
127,127,127,	0.92354,-0.34183,0.17384,	3,	34,21,7
127,127,127,	0.59605,-0.80290,-0.00821,	3,	7,35,34
127,127,127,	0.38541,0.92093,-0.05790,	3,	3,33,34
127,127,127,	0.21275,0.97437,0.07306,	3,	34,5,3
127,127,127,	0.24024,-0.96197,-0.12998,	3,	37,35,36
127,127,127,	0.56519,-0.76134,-0.31768,	3,	5,34,35
127,127,127,	0.74681,-0.62003,-0.24049,	3,	35,37,5
127,127,127,	0.76943,0.20616,-0.60455,	3,	38,26,28
127,127,127,	0.76943,0.20616,-0.60455,	3,	28,39,38
127,127,127,	0.76943,0.20615,-0.60455,	3,	40,17,26
127,127,127,	0.76936,0.20638,-0.60456,	3,	26,38,40
127,127,127,	0.76942,0.20617,-0.60455,	3,	17,40,16
127,127,127,	0.76944,0.20609,-0.60455,	3,	39,28,16
127,127,127,	0.96592,0.25881,0.00415,	3,	30,38,39
127,127,127,	0.96591,0.25883,0.00415,	3,	39,29,30
127,127,127,	-0.25112,0.96794,-0.00603,	3,	31,40,38
127,127,127,	-0.25913,0.96583,-0.00576,	3,	38,30,31
127,127,127,	-0.96592,-0.25882,0.00007,	3,	32,16,40
127,127,127,	-0.96592,-0.25883,0.00007,	3,	40,31,32
127,127,127,	0.26611,-0.96392,-0.00573,	3,	29,39,16
127,127,127,	0.25849,-0.96600,-0.00603,	3,	16,32,29
127,127,127,	0.00000,1.00000,0.00000,	3,	0,41,2
127,127,127,	-0.29013,0.85541,-0.42906,	3,	4,42,3
127,127,127,	0.00000,-0.99635,0.08535,	3,	8,9,43
127,127,127,	-0.42048,-0.90730,-0.00023,	3,	43,44,8
127,127,127,	-0.50214,-0.83166,-0.23706,	3,	43,11,45
127,127,127,	-0.51609,-0.85478,-0.05482,	3,	11,46,45
127,127,127,	0.00000,0.00000,1.00000,	3,	2,41,47
127,127,127,	0.00000,0.00000,1.00000,	3,	2,47,48
127,127,127,	0.00000,-0.00000,1.00000,	3,	2,48,14
127,127,127,	-0.78666,-0.60301,-0.13245,	3,	45,46,49
127,127,127,	-0.25630,-0.95654,-0.13906,	3,	52,51,50
127,127,127,	0.29411,0.95499,0.03870,	3,	0,53,41
127,127,127,	0.23297,0.97248,0.00059,	3,	54,53,0
127,127,127,	0.37252,0.91146,-0.17455,	3,	55,54,0
127,127,127,	-0.38929,-0.91691,-0.08792,	3,	56,54,55
127,127,127,	-0.30400,-0.95254,-0.01614,	3,	49,47,56
127,127,127,	-0.48827,-0.86406,-0.12246,	3,	49,56,55
127,127,127,	0.01448,0.12138,0.99250,	3,	53,56,47
127,127,127,	-0.04101,0.00977,0.99911,	3,	47,41,53
127,127,127,	-0.19711,0.05282,0.97896,	3,	57,56,53
127,127,127,	0.25882,0.96593,-0.00000,	3,	60,59,58
127,127,127,	-0.20574,-0.97791,-0.03702,	3,	60,62,61
127,127,127,	-0.79844,0.21395,0.56278,	3,	59,61,62
127,127,127,	-0.79844,0.21394,0.56278,	3,	62,58,59
127,127,127,	0.25882,0.96593,0.00000,	3,	60,51,59
127,127,127,	-0.18903,-0.98195,-0.00624,	3,	61,51,60
127,127,127,	0.05418,-0.01452,-0.99843,	3,	65,64,63
127,127,127,	0.05418,-0.01452,-0.99843,	3,	63,66,65
127,127,127,	-0.38191,0.91259,-0.14605,	3,	33,67,55
127,127,127,	0.00000,1.00000,0.00000,	3,	55,0,33
127,127,127,	-0.24198,-0.96895,-0.05082,	3,	68,36,8
127,127,127,	-0.42047,-0.90729,-0.00579,	3,	8,44,68
127,127,127,	-0.59605,-0.80290,-0.00821,	3,	67,68,44
127,127,127,	-0.92354,-0.34183,0.17384,	3,	44,55,67
127,127,127,	-0.21275,0.97437,0.07306,	3,	3,42,67
127,127,127,	-0.38541,0.92093,-0.05790,	3,	67,33,3
127,127,127,	-0.24024,-0.96197,-0.12998,	3,	36,68,37
127,127,127,	-0.74681,-0.62003,-0.24049,	3,	42,37,68
127,127,127,	-0.56519,-0.76134,-0.31768,	3,	68,67,42
127,127,127,	-0.76942,0.20617,-0.60455,	3,	70,69,61
127,127,127,	-0.76942,0.20617,-0.60455,	3,	61,59,70
127,127,127,	-0.76942,0.20617,-0.60455,	3,	71,70,59
127,127,127,	-0.76942,0.20619,-0.60455,	3,	59,52,71
127,127,127,	-0.76942,0.20617,-0.60455,	3,	50,71,52
127,127,127,	-0.76941,0.20622,-0.60455,	3,	50,61,69
127,127,127,	-0.96591,0.25883,0.00415,	3,	66,63,69
127,127,127,	-0.96592,0.25882,0.00415,	3,	69,70,66
127,127,127,	0.25913,0.96583,-0.00576,	3,	65,66,70
127,127,127,	0.25112,0.96794,-0.00603,	3,	70,71,65
127,127,127,	0.96592,-0.25883,0.00008,	3,	64,65,71
127,127,127,	0.96592,-0.25882,0.00007,	3,	71,50,64
127,127,127,	-0.25849,-0.96600,-0.00603,	3,	63,64,50
127,127,127,	-0.26610,-0.96393,-0.00573,	3,	50,69,63
127,127,127,	0.84006,-0.43819,0.31983,	3,	13,14,12
127,127,127,	0.97927,-0.17098,0.10865,	3,	12,15,13
127,127,127,	-0.84006,-0.43819,0.31983,	3,	46,48,47
127,127,127,	-0.97927,-0.17098,0.10865,	3,	47,49,46
127,127,127,	0.06732,-0.95701,0.28215,	3,	11,12,14
127,127,127,	0.00000,-0.95510,0.29628,	3,	11,14,48
127,127,127,	-0.06732,-0.95701,0.28215,	3,	48,46,11
127,127,127,	-0.93782,-0.34712,-0.00050,	3,	55,44,43
127,127,127,	-0.70545,-0.69384,-0.14462,	3,	43,49,55
127,127,127,	-0.74271,-0.64006,-0.19674,	3,	49,43,45
127,127,127,	0.92622,-0.34283,-0.15679,	3,	7,21,15
127,127,127,	0.58146,-0.81358,-0.00031,	3,	15,6,7
127,127,127,	0.78666,-0.60301,-0.13245,	3,	15,12,10
127,127,127,	0.13976,-0.98888,0.05075,	3,	18,16,28
127,127,127,	-0.13976,-0.98888,0.05075,	3,	61,50,51
127,127,127,	-0.25882,0.96593,-0.00000,	3,	18,25,26
127,127,127,	0.25882,0.96593,-0.00000,	3,	51,52,59
127,127,127,	0.22010,0.97534,-0.01636,	3,	54,60,58
127,127,127,	0.25593,0.96668,0.00573,	3,	58,53,54
127,127,127,	-0.17293,-0.98466,-0.02317,	3,	62,60,54
127,127,127,	-0.22914,-0.97167,-0.05787,	3,	54,57,62
127,127,127,	-0.44636,0.11960,0.88682,	3,	53,58,62
127,127,127,	-0.44636,0.11960,0.88682,	3,	62,57,53
127,127,127,	-0.25565,0.96675,0.00615,	3,	20,19,24
127,127,127,	0.22846,-0.97183,-0.05795,	3,	27,23,20
127,127,127,	0.45395,0.12164,0.88269,	3,	23,27,24
127,127,127,	0.45395,0.12163,0.88269,	3,	24,19,23
127,127,127,	-0.29684,-0.95402,0.04162,	3,	72,22,20
127,127,127,	-0.19149,0.90516,0.37950,	3,	72,23,22
127,127,127,	0.41347,0.90616,-0.08900,	3,	72,20,23
127,127,127,	0.29615,-0.95426,0.04095,	3,	73,54,56
127,127,127,	-0.41043,0.90771,-0.08721,	3,	73,57,54
127,127,127,	0.16780,0.91722,0.36132,	3,	73,56,57
127,127,127,	0.74903,-0.52180,-0.40826,	3,	5,37,4
127,127,127,	-0.74903,-0.52180,-0.40826,	3,	4,37,42
127,127,127,	0.00000,-0.92944,-0.36897,	3,	11,9,6
127,127,127,	-0.00000,-0.92944,-0.36897,	3,	43,9,11

TEXTURES
lancehead.png	1.0 1.0	0.53 0.99	0.56 0.99	0.53 0.72
lancehead.png	1.0 1.0	0.55 0.49	0.53 0.46	0.53 0.49
lancehead.png	1.0 1.0	0.92 0.66	0.94 0.66	0.94 0.77
lancehead.png	1.0 1.0	0.94 0.77	0.91 0.77	0.92 0.66
lancehead.png	1.0 1.0	0.92 0.89	0.94 0.77	0.94 0.88
lancehead.png	1.0 1.0	0.94 0.88	0.95 0.94	0.92 0.89
lancehead.png	1.0 1.0	0.21 0.96	0.21 0.96	0.19 0.96
lancehead.png	1.0 1.0	0.21 0.96	0.19 0.96	0.20 0.95
lancehead.png	1.0 1.0	0.94 0.77	0.99 0.82	0.94 0.88
lancehead.png	1.0 1.0	0.20 0.07	0.14 0.07	0.07 0.17
lancehead.png	1.0 1.0	0.66 0.98	0.53 0.72	0.56 0.99
lancehead.png	1.0 1.0	0.53 0.72	0.66 0.98	0.60 0.65
lancehead.png	1.0 1.0	0.60 0.65	0.56 0.65	0.53 0.72
lancehead.png	1.0 1.0	0.18 0.53	0.27 0.53	0.25 0.36
lancehead.png	1.0 1.0	0.18 0.53	0.25 0.36	0.28 0.19
lancehead.png	1.0 1.0	0.24 0.19	0.18 0.53	0.28 0.19
lancehead.png	1.0 1.0	0.24 0.97	0.21 0.96	0.21 0.96
lancehead.png	1.0 1.0	0.21 0.96	0.24 0.96	0.24 0.97
lancehead.png	1.0 1.0	0.24 0.97	0.24 0.96	0.24 0.97
lancehead.png	1.0 1.0	0.63 0.61	0.60 0.65	0.74 0.93
lancehead.png	1.0 1.0	0.74 0.93	0.83 0.75	0.63 0.61
lancehead.png	1.0 1.0	-0.0 0.29	0.10 0.47	0.24 0.19
lancehead.png	1.0 1.0	0.24 0.19	0.21 0.15	-0.0 0.29
lancehead.png	1.0 1.0	0.32 0.98	0.27 0.98	0.27 0.97
lancehead.png	1.0 1.0	0.27 0.97	0.32 0.98	0.32 0.98
lancehead.png	1.0 1.0	0.70 0.53	0.63 0.53	0.83 0.75
lancehead.png	1.0 1.0	0.20 0.07	-0.0 0.29	0.21 0.15
lancehead.png	1.0 1.0	0.18 0.59	0.10 0.60	0.08 0.58
lancehead.png	1.0 1.0	0.08 0.58	0.16 0.57	0.18 0.59
lancehead.png	1.0 1.0	0.53 0.56	0.53 0.72	0.56 0.65
lancehead.png	1.0 1.0	0.56 0.65	0.57 0.55	0.53 0.56
lancehead.png	1.0 1.0	0.94 0.57	0.94 0.66	0.92 0.66
lancehead.png	1.0 1.0	0.92 0.66	0.92 0.57	0.94 0.57
lancehead.png	1.0 1.0	0.97 0.56	0.98 0.66	0.94 0.66
lancehead.png	1.0 1.0	0.94 0.66	0.94 0.57	0.97 0.56
lancehead.png	1.0 1.0	0.53 0.49	0.53 0.56	0.57 0.55
lancehead.png	1.0 1.0	0.57 0.55	0.55 0.49	0.53 0.49
lancehead.png	1.0 1.0	0.92 0.50	0.94 0.57	0.92 0.57
lancehead.png	1.0 1.0	0.95 0.50	0.97 0.56	0.94 0.57
lancehead.png	1.0 1.0	0.94 0.57	0.92 0.50	0.95 0.50
lancehead.png	1.0 1.0	0.35 0.98	0.32 0.98	0.32 0.98
lancehead.png	1.0 1.0	0.32 0.98	0.35 0.97	0.35 0.98
lancehead.png	1.0 1.0	0.36 0.98	0.38 0.97	0.32 0.98
lancehead.png	1.0 1.0	0.01 0.96	0.04 0.96	0.05 0.96
lancehead.png	1.0 1.0	0.38 0.97	0.36 0.98	0.36 0.97
lancehead.png	1.0 1.0	0.04 0.95	0.01 0.96	0.05 0.95
lancehead.png	1.0 1.0	0.14 0.91	0.14 0.62	0.16 0.62
lancehead.png	1.0 1.0	0.16 0.62	0.16 0.91	0.14 0.91
lancehead.png	1.0 1.0	0.13 0.91	0.13 0.63	0.14 0.62
lancehead.png	1.0 1.0	0.14 0.62	0.14 0.91	0.13 0.91
lancehead.png	1.0 1.0	0.11 0.91	0.11 0.63	0.13 0.63
lancehead.png	1.0 1.0	0.13 0.63	0.13 0.91	0.11 0.91
lancehead.png	1.0 1.0	0.09 0.91	0.09 0.62	0.11 0.63
lancehead.png	1.0 1.0	0.11 0.63	0.11 0.91	0.09 0.91
lancehead.png	1.0 1.0	0.53 0.72	0.50 0.99	0.53 0.99
lancehead.png	1.0 1.0	0.53 0.46	0.51 0.49	0.53 0.49
lancehead.png	1.0 1.0	0.92 0.66	0.91 0.77	0.89 0.77
lancehead.png	1.0 1.0	0.89 0.77	0.89 0.66	0.92 0.66
lancehead.png	1.0 1.0	0.89 0.77	0.92 0.89	0.89 0.88
lancehead.png	1.0 1.0	0.92 0.89	0.88 0.94	0.89 0.88
lancehead.png	1.0 1.0	0.19 0.96	0.18 0.96	0.18 0.96
lancehead.png	1.0 1.0	0.19 0.96	0.18 0.96	0.19 0.95
lancehead.png	1.0 1.0	0.19 0.96	0.19 0.95	0.20 0.95
lancehead.png	1.0 1.0	0.89 0.88	0.88 0.94	0.84 0.82
lancehead.png	1.0 1.0	0.47 0.07	0.41 0.07	0.54 0.17
lancehead.png	1.0 1.0	0.53 0.72	0.41 0.98	0.50 0.99
lancehead.png	1.0 1.0	0.46 0.65	0.41 0.98	0.53 0.72
lancehead.png	1.0 1.0	0.50 0.65	0.46 0.65	0.53 0.72
lancehead.png	1.0 1.0	0.42 0.53	0.37 0.19	0.33 0.19
lancehead.png	1.0 1.0	0.35 0.36	0.34 0.53	0.42 0.53
lancehead.png	1.0 1.0	0.35 0.36	0.42 0.53	0.33 0.19
lancehead.png	1.0 1.0	0.15 0.97	0.15 0.96	0.18 0.96
lancehead.png	1.0 1.0	0.18 0.96	0.18 0.96	0.15 0.97
lancehead.png	1.0 1.0	0.15 0.97	0.15 0.96	0.15 0.97
lancehead.png	1.0 1.0	0.43 0.61	0.23 0.76	0.33 0.93
lancehead.png	1.0 1.0	0.40 0.15	0.51 0.47	0.61 0.29
lancehead.png	1.0 1.0	0.06 0.98	0.06 0.98	0.12 0.97
lancehead.png	1.0 1.0	0.12 0.97	0.12 0.98	0.06 0.98
lancehead.png	1.0 1.0	0.43 0.61	0.43 0.53	0.23 0.76
lancehead.png	1.0 1.0	0.61 0.29	0.41 0.07	0.40 0.15
lancehead.png	1.0 1.0	0.18 0.59	0.16 0.57	0.08 0.58
lancehead.png	1.0 1.0	0.08 0.58	0.10 0.60	0.18 0.59
lancehead.png	1.0 1.0	0.53 0.56	0.49 0.55	0.50 0.65
lancehead.png	1.0 1.0	0.50 0.65	0.53 0.72	0.53 0.56
lancehead.png	1.0 1.0	0.90 0.57	0.92 0.57	0.92 0.66
lancehead.png	1.0 1.0	0.92 0.66	0.89 0.66	0.90 0.57
lancehead.png	1.0 1.0	0.87 0.56	0.90 0.57	0.89 0.66
lancehead.png	1.0 1.0	0.89 0.66	0.85 0.66	0.87 0.56
lancehead.png	1.0 1.0	0.53 0.49	0.51 0.49	0.49 0.55
lancehead.png	1.0 1.0	0.49 0.55	0.53 0.56	0.53 0.49
lancehead.png	1.0 1.0	0.92 0.57	0.90 0.57	0.92 0.50
lancehead.png	1.0 1.0	0.88 0.50	0.92 0.50	0.90 0.57
lancehead.png	1.0 1.0	0.90 0.57	0.87 0.56	0.88 0.50
lancehead.png	1.0 1.0	0.03 0.98	0.04 0.97	0.06 0.98
lancehead.png	1.0 1.0	0.06 0.98	0.06 0.98	0.03 0.98
lancehead.png	1.0 1.0	0.05 0.96	0.04 0.96	0.01 0.96
lancehead.png	1.0 1.0	0.06 0.98	0.01 0.97	0.03 0.98
lancehead.png	1.0 1.0	0.03 0.97	0.03 0.98	0.01 0.97
lancehead.png	1.0 1.0	0.05 0.95	0.01 0.96	0.04 0.95
lancehead.png	1.0 1.0	0.12 0.91	0.11 0.91	0.10 0.62
lancehead.png	1.0 1.0	0.10 0.62	0.12 0.62	0.12 0.91
lancehead.png	1.0 1.0	0.14 0.91	0.12 0.91	0.12 0.62
lancehead.png	1.0 1.0	0.12 0.62	0.14 0.63	0.14 0.91
lancehead.png	1.0 1.0	0.16 0.91	0.14 0.91	0.14 0.63
lancehead.png	1.0 1.0	0.14 0.63	0.16 0.63	0.16 0.91
lancehead.png	1.0 1.0	0.11 0.91	0.08 0.91	0.09 0.63
lancehead.png	1.0 1.0	0.09 0.63	0.10 0.62	0.11 0.91
lancehead.png	1.0 1.0	0.99 1.00	0.95 1.00	0.95 0.94
lancehead.png	1.0 1.0	0.95 0.94	0.99 0.82	0.99 1.00
lancehead.png	1.0 1.0	0.88 0.94	0.89 1.00	0.84 1.00
lancehead.png	1.0 1.0	0.84 1.00	0.84 0.82	0.88 0.94
lancehead.png	1.0 1.0	0.92 0.89	0.95 0.94	0.95 1.00
lancehead.png	1.0 1.0	0.92 0.89	0.95 1.00	0.89 1.00
lancehead.png	1.0 1.0	0.89 1.00	0.88 0.94	0.92 0.89
lancehead.png	1.0 1.0	0.85 0.66	0.89 0.66	0.89 0.77
lancehead.png	1.0 1.0	0.89 0.77	0.84 0.82	0.85 0.66
lancehead.png	1.0 1.0	0.84 0.82	0.89 0.77	0.89 0.88
lancehead.png	1.0 1.0	0.94 0.66	0.98 0.66	0.99 0.82
lancehead.png	1.0 1.0	0.99 0.82	0.94 0.77	0.94 0.66
lancehead.png	1.0 1.0	0.99 0.82	0.95 0.94	0.94 0.88
lancehead.png	1.0 1.0	0.20 0.07	0.07 0.17	-0.0 0.29
lancehead.png	1.0 1.0	0.61 0.29	0.54 0.17	0.41 0.07
lancehead.png	1.0 1.0	0.63 0.53	0.63 0.61	0.83 0.75
lancehead.png	1.0 1.0	0.43 0.53	0.36 0.53	0.23 0.76
lancehead.png	1.0 1.0	0.46 0.65	0.43 0.61	0.33 0.93
lancehead.png	1.0 1.0	0.33 0.93	0.41 0.98	0.46 0.65
lancehead.png	1.0 1.0	0.51 0.47	0.40 0.15	0.37 0.19
lancehead.png	1.0 1.0	0.37 0.19	0.43 0.52	0.51 0.47
lancehead.png	1.0 1.0	0.15 0.97	0.12 0.98	0.12 0.97
lancehead.png	1.0 1.0	0.12 0.97	0.15 0.97	0.15 0.97
lancehead.png	1.0 1.0	0.60 0.65	0.66 0.98	0.74 0.93
lancehead.png	1.0 1.0	0.10 0.47	0.17 0.52	0.24 0.19
lancehead.png	1.0 1.0	0.24 0.97	0.27 0.97	0.27 0.98
lancehead.png	1.0 1.0	0.27 0.98	0.24 0.97	0.24 0.97
lancehead.png	1.0 1.0	0.53 0.07	0.65 0.21	0.98 0.21
lancehead.png	1.0 1.0	0.24 0.96	0.24 0.97	0.24 0.96
lancehead.png	1.0 1.0	0.53 0.07	0.98 0.21	0.65 0.21
lancehead.png	1.0 1.0	0.53 0.07	0.98 0.21	0.65 0.21
lancehead.png	1.0 1.0	0.53 0.07	0.65 0.21	0.98 0.21
lancehead.png	1.0 1.0	0.15 0.96	0.15 0.96	0.15 0.97
lancehead.png	1.0 1.0	0.95 0.50	0.92 0.50	0.92 0.47
lancehead.png	1.0 1.0	0.92 0.47	0.92 0.50	0.88 0.50
lancehead.png	1.0 1.0	0.92 0.89	0.91 0.77	0.94 0.77
lancehead.png	1.0 1.0	0.89 0.77	0.91 0.77	0.92 0.89

END
