NVERTS 5
NFACES 6

VERTEX
140.00, -25.84, -118.46
-140.00, -25.84, -118.46
-0.00, 0.00, 118.46
68.92, 25.84, -118.46
-68.92, 25.84, -118.46

FACES
127,127,127,	-0.32546,0.12077,0.93781,	3,	2,0,1
127,127,127,	0.64504,0.23935,0.72569,	3,	2,1,4
127,127,127,	0.00000,-0.90877,-0.41730,	3,	3,0,2
127,127,127,	-0.28859,-0.90072,0.32468,	3,	3,2,4
127,127,127,	0.22915,-0.71520,0.66029,	3,	4,1,0
127,127,127,	0,0,0,	3,	4,0,3

TEXTURES
mamba.png	1.0 1.0	1.00 0.69	0.55 0.42	0.55 0.95
mamba.png	1.0 1.0	0.00 0.69	0.43 0.98	0.45 0.82
mamba.png	1.0 1.0	0.45 0.56	0.43 0.39	0.00 0.69
mamba.png	1.0 1.0	0.45 0.56	0.00 0.69	0.45 0.82
mamba.png	1.0 1.0	0.45 0.82	0.55 0.95	0.55 0.42
mamba.png	1.0 1.0	0.45 0.82	0.55 0.42	0.45 0.56

END
