NVERTS 31
NFACES 58

VERTEX
46.67, 46.67, -111.12
140.00, 17.15, -55.24
56.00, -40.76, 118.51
23.33, -46.67, 136.21
132.03, -37.91, -136.21
40.44, -23.33, 42.88
40.44, -23.33, -111.12
44.59, 37.55, -81.56
42.52, 0.00, -19.34
93.33, 31.91, -83.18
140.00, -11.81, 31.63
140.00, -38.26, -5.07
0.00, -23.33, 21.88
48.22, -35.00, 89.55
0.00, 46.67, -111.12
0.00, 37.55, -81.56
0.00, 0.00, -19.34
0.00, -23.33, -111.12
-46.67, 46.67, -111.12
-140.00, 17.15, -55.24
-56.00, -40.76, 118.51
-23.33, -46.67, 136.21
-132.03, -37.91, -136.21
-40.44, -23.33, 42.88
-40.44, -23.33, -111.12
-44.59, 37.55, -81.56
-42.52, 0.00, -19.34
-93.33, 31.91, -83.18
-140.00, -11.81, 31.63
-140.00, -38.26, -5.07
-48.22, -35.00, 89.55

FACES
127,127,127,	-0.26075,0.02318,-0.96513,	3,	0,6,4
127,127,127,	0.00000,0.95561,0.29464,	3,	0,7,14
127,127,127,	0.11956,0.94636,0.30018,	3,	0,9,7
127,127,127,	0.52276,0.68014,-0.51393,	3,	1,9,4
127,127,127,	0.00000,0.94868,0.31623,	3,	1,10,2
127,127,127,	-0.13163,0.95632,0.26102,	3,	1,13,5
127,127,127,	0.20371,-0.97776,0.04985,	3,	2,4,3
127,127,127,	0.02379,-0.99971,-0.00410,	3,	2,11,4
127,127,127,	-0.17081,0.95656,0.23627,	3,	2,13,1
127,127,127,	-0.06200,0.97556,0.21082,	3,	3,13,2
127,127,127,	-0.15717,-0.98757,0.00000,	3,	4,6,5
127,127,127,	0.52276,0.68014,-0.51393,	3,	4,9,0
127,127,127,	0.99480,-0.09659,-0.03220,	3,	4,10,1
127,127,127,	0.99469,0.08352,-0.06020,	3,	4,11,10
127,127,127,	-0.81005,0.49947,-0.30716,	3,	4,13,3
127,127,127,	-0.03587,0.93612,0.34985,	3,	5,8,1
127,127,127,	-0.17676,0.92351,0.34042,	3,	5,12,8
127,127,127,	-0.43414,-0.88832,-0.14972,	3,	5,13,4
127,127,127,	-0.00000,-1.00000,0.00000,	3,	6,12,5
127,127,127,	0.00000,0.00000,-1.00000,	3,	6,14,17
127,127,127,	0.11541,0.84872,0.51609,	3,	7,9,8
127,127,127,	0.00000,0.85615,0.51673,	3,	7,16,15
127,127,127,	0.01025,0.89115,0.45359,	3,	8,9,1
127,127,127,	0.00000,0.87026,0.49260,	3,	8,12,16
127,127,127,	0.00000,0.85615,0.51673,	3,	8,16,7
127,127,127,	0.66247,-0.60769,0.43800,	3,	10,11,2
127,127,127,	0.00000,0.87026,0.49260,	3,	12,26,16
127,127,127,	0.00000,0.00000,-1.00000,	3,	14,6,0
127,127,127,	0.00000,0.00000,-1.00000,	3,	14,24,17
127,127,127,	0.00000,0.95561,0.29464,	3,	14,25,18
127,127,127,	0.00000,0.95561,0.29464,	3,	15,14,7
127,127,127,	0.00000,0.95561,0.29464,	3,	15,25,14
127,127,127,	0.00000,0.85615,0.51673,	3,	16,25,15
127,127,127,	0.00000,-1.00000,0.00000,	3,	17,12,6
127,127,127,	0.00000,-1.00000,0.00000,	3,	17,24,12
127,127,127,	0.00000,0.00000,-1.00000,	3,	18,24,14
127,127,127,	-0.52276,0.68014,-0.51393,	3,	18,27,22
127,127,127,	0.03587,0.93612,0.34985,	3,	19,26,23
127,127,127,	-0.01025,0.89115,0.45359,	3,	19,27,26
127,127,127,	-0.99480,-0.09659,-0.03220,	3,	19,28,22
127,127,127,	0.17081,0.95656,0.23627,	3,	19,30,20
127,127,127,	0.00000,0.94868,0.31623,	3,	20,28,19
127,127,127,	-0.66247,-0.60769,0.43800,	3,	20,29,28
127,127,127,	0.06200,0.97556,0.21082,	3,	20,30,21
127,127,127,	-0.20371,-0.97776,0.04985,	3,	21,22,20
127,127,127,	0.81005,0.49947,-0.30716,	3,	21,30,22
127,127,127,	0.26075,0.02318,-0.96513,	3,	22,24,18
127,127,127,	-0.52276,0.68014,-0.51393,	3,	22,27,19
127,127,127,	-0.02379,-0.99971,-0.00410,	3,	22,29,20
127,127,127,	0.43414,-0.88832,-0.14972,	3,	22,30,23
127,127,127,	0.00000,-1.00000,-0.00000,	3,	23,12,24
127,127,127,	0.15717,-0.98757,-0.00000,	3,	23,24,22
127,127,127,	0.13163,0.95632,0.26102,	3,	23,30,19
127,127,127,	0.00000,0.85615,0.51673,	3,	25,16,26
127,127,127,	-0.11956,0.94636,0.30018,	3,	25,27,18
127,127,127,	0.17676,0.92351,0.34042,	3,	26,12,23
127,127,127,	-0.11541,0.84872,0.51609,	3,	26,27,25
127,127,127,	-0.99469,0.08352,-0.06020,	3,	28,29,22

TEXTURES
mussurana.png	1.0 1.0	0.79 0.03	0.78 0.18	0.99 0.21
mussurana.png	1.0 1.0	0.59 0.23	0.52 0.24	0.59 0.33
mussurana.png	1.0 1.0	0.59 0.23	0.52 0.13	0.52 0.24
mussurana.png	1.0 1.0	0.45 0.03	0.52 0.13	0.60 0.03
mussurana.png	1.0 1.0	0.45 0.03	0.25 0.03	0.05 0.21
mussurana.png	1.0 1.0	0.45 0.03	0.12 0.23	0.22 0.25
mussurana.png	1.0 1.0	0.12 0.76	0.68 0.58	0.04 0.72
mussurana.png	1.0 1.0	0.12 0.76	0.45 0.76	0.68 0.58
mussurana.png	1.0 1.0	0.05 0.21	0.12 0.23	0.45 0.03
mussurana.png	1.0 1.0	0.01 0.29	0.12 0.23	0.05 0.21
mussurana.png	1.0 1.0	0.68 0.72	0.88 0.66	0.88 0.32
mussurana.png	1.0 1.0	0.60 0.03	0.52 0.13	0.59 0.23
mussurana.png	1.0 1.0	0.06 0.54	0.42 0.45	0.23 0.40
mussurana.png	1.0 1.0	0.06 0.54	0.34 0.51	0.42 0.45
mussurana.png	1.0 1.0	0.82 0.91	0.29 0.88	0.17 0.91
mussurana.png	1.0 1.0	0.22 0.25	0.37 0.24	0.45 0.03
mussurana.png	1.0 1.0	0.22 0.25	0.27 0.33	0.37 0.24
mussurana.png	1.0 1.0	0.88 0.32	0.86 0.22	0.68 0.72
mussurana.png	1.0 1.0	0.88 0.66	0.97 0.37	0.88 0.32
mussurana.png	1.0 1.0	0.78 0.18	0.69 0.03	0.69 0.19
mussurana.png	1.0 1.0	0.52 0.24	0.52 0.13	0.37 0.24
mussurana.png	1.0 1.0	0.52 0.24	0.37 0.33	0.52 0.33
mussurana.png	1.0 1.0	0.37 0.24	0.52 0.13	0.45 0.03
mussurana.png	1.0 1.0	0.37 0.24	0.27 0.33	0.37 0.33
mussurana.png	1.0 1.0	0.37 0.24	0.37 0.33	0.52 0.24
mussurana.png	1.0 1.0	0.42 0.45	0.34 0.51	0.64 0.54
mussurana.png	1.0 1.0	0.27 0.33	0.37 0.24	0.37 0.33
mussurana.png	1.0 1.0	0.69 0.03	0.78 0.18	0.79 0.03
mussurana.png	1.0 1.0	0.69 0.03	0.78 0.18	0.69 0.19
mussurana.png	1.0 1.0	0.59 0.33	0.52 0.24	0.59 0.23
mussurana.png	1.0 1.0	0.52 0.33	0.59 0.33	0.52 0.24
mussurana.png	1.0 1.0	0.52 0.33	0.52 0.24	0.59 0.33
mussurana.png	1.0 1.0	0.37 0.33	0.52 0.24	0.52 0.33
mussurana.png	1.0 1.0	0.97 0.66	0.97 0.37	0.88 0.66
mussurana.png	1.0 1.0	0.97 0.66	0.88 0.66	0.97 0.37
mussurana.png	1.0 1.0	0.79 0.03	0.78 0.18	0.69 0.03
mussurana.png	1.0 1.0	0.59 0.23	0.52 0.13	0.60 0.03
mussurana.png	1.0 1.0	0.45 0.03	0.37 0.24	0.22 0.25
mussurana.png	1.0 1.0	0.45 0.03	0.52 0.13	0.37 0.24
mussurana.png	1.0 1.0	0.23 0.40	0.42 0.45	0.06 0.54
mussurana.png	1.0 1.0	0.45 0.03	0.12 0.23	0.05 0.21
mussurana.png	1.0 1.0	0.05 0.21	0.25 0.03	0.45 0.03
mussurana.png	1.0 1.0	0.64 0.54	0.34 0.51	0.42 0.45
mussurana.png	1.0 1.0	0.05 0.21	0.12 0.23	0.01 0.29
mussurana.png	1.0 1.0	0.04 0.72	0.68 0.58	0.12 0.76
mussurana.png	1.0 1.0	0.17 0.91	0.29 0.88	0.82 0.91
mussurana.png	1.0 1.0	0.99 0.21	0.78 0.18	0.79 0.03
mussurana.png	1.0 1.0	0.60 0.03	0.52 0.13	0.45 0.03
mussurana.png	1.0 1.0	0.68 0.58	0.45 0.76	0.12 0.76
mussurana.png	1.0 1.0	0.68 0.72	0.86 0.22	0.88 0.32
mussurana.png	1.0 1.0	0.88 0.32	0.97 0.37	0.88 0.66
mussurana.png	1.0 1.0	0.88 0.32	0.88 0.66	0.68 0.72
mussurana.png	1.0 1.0	0.22 0.25	0.12 0.23	0.45 0.03
mussurana.png	1.0 1.0	0.52 0.24	0.37 0.33	0.37 0.24
mussurana.png	1.0 1.0	0.52 0.24	0.52 0.13	0.59 0.23
mussurana.png	1.0 1.0	0.37 0.24	0.27 0.33	0.22 0.25
mussurana.png	1.0 1.0	0.37 0.24	0.52 0.13	0.52 0.24
mussurana.png	1.0 1.0	0.42 0.45	0.34 0.51	0.06 0.54

END
