NVERTS 34
NFACES 64

VERTEX
48.44, 0.00, 143.30
15.37, 11.14, 126.15
0.00, 0.00, 194.22
31.43, -14.43, 0.00
31.43, -8.63, 62.87
-31.43, -8.63, 62.87
-31.43, -14.43, 0.00
0.00, 38.93, 0.00
0.00, 38.93, 62.87
31.43, 31.43, 0.00
31.43, 31.79, 62.87
131.99, -0.00, 62.87
169.84, -26.45, 0.00
-31.43, -36.32, -51.90
31.43, -36.32, -51.90
8.19, -1.61, -78.62
0.00, 47.52, -92.07
174.12, -65.04, -53.07
-31.43, -114.63, -165.78
31.43, -114.63, -165.78
0.00, -60.60, -159.72
95.88, -122.32, -165.78
31.43, -86.97, -165.78
-48.44, -0.00, 143.30
-15.37, 11.14, 126.15
-31.43, 31.43, 0.00
0.00, 33.44, 149.65
-131.99, -0.00, 62.87
-31.43, 31.79, 62.87
-169.84, -26.45, 0.00
-8.19, -1.61, -78.62
-174.12, -65.04, -53.07
-95.88, -122.32, -165.78
-31.43, -86.97, -165.78

FACES
127,127,127,	-0.53193,-0.52771,-0.66225,	3,	2,1,0
127,127,127,	-0.51063,-0.81834,-0.26378,	3,	6,5,4
127,127,127,	0.00000,0.30782,-0.95144,	3,	6,4,3
127,127,127,	0.04180,0.94638,-0.32035,	3,	5,2,4
127,127,127,	-0.04366,0.99532,-0.08619,	3,	9,8,7
127,127,127,	0.05239,0.99500,-0.08501,	3,	10,1,8
127,127,127,	-0.03130,0.95306,-0.30115,	3,	12,11,9
127,127,127,	0.00000,-0.97951,0.20139,	3,	3,11,12
127,127,127,	0.00000,-0.99384,-0.11079,	3,	11,0,10
127,127,127,	-0.30180,-0.92430,0.23361,	3,	4,0,11
127,127,127,	-0.23493,-0.95151,-0.19856,	3,	14,13,6
127,127,127,	-0.84165,0.11507,-0.52761,	3,	14,6,3
127,127,127,	-0.91706,0.09253,-0.38786,	3,	16,15,7
127,127,127,	-0.07383,0.86051,-0.50406,	3,	15,17,9
127,127,127,	0.07386,0.87722,-0.47438,	3,	17,14,3
127,127,127,	-0.60732,-0.65475,0.44997,	3,	17,3,12
127,127,127,	0.00000,-0.86258,0.50592,	3,	19,18,13
127,127,127,	-0.92190,0.36050,0.14194,	3,	19,13,14
127,127,127,	-0.05255,0.88275,0.46690,	3,	20,15,16
127,127,127,	0.03505,0.88378,0.46658,	3,	22,21,15
127,127,127,	-0.00000,-0.60061,0.79954,	3,	21,14,17
127,127,127,	-0.39948,0.19300,0.89619,	3,	24,2,23
127,127,127,	-0.19111,-0.35989,0.91321,	3,	23,2,5
127,127,127,	0.53193,-0.52771,-0.66225,	3,	8,25,7
127,127,127,	0.51063,-0.81834,-0.26378,	3,	26,24,8
127,127,127,	0.30180,-0.92430,0.23361,	3,	28,27,25
127,127,127,	0.00000,-0.94927,-0.31446,	3,	27,6,29
127,127,127,	0.84165,0.11507,-0.52761,	3,	24,23,28
127,127,127,	0.23493,-0.95151,-0.19856,	3,	23,5,27
127,127,127,	0.91706,0.09253,-0.38786,	3,	25,30,7
127,127,127,	0.60732,-0.65475,0.44997,	3,	29,31,25
127,127,127,	0.92190,0.36050,0.14194,	3,	6,13,31
127,127,127,	0.39948,0.19300,0.89619,	3,	6,31,29
127,127,127,	0.15845,-0.29839,0.94120,	3,	30,20,16
127,127,127,	0,0,0,	3,	31,32,30
127,127,127,	0,0,0,	3,	13,32,31
127,127,127,	0,0,0,	3,	2,26,1
127,127,127,	0,0,0,	3,	24,26,2
127,127,127,	0,0,0,	3,	2,0,4
127,127,127,	0,0,0,	3,	30,16,7
127,127,127,	0,0,0,	3,	15,9,7
127,127,127,	0,0,0,	3,	19,22,33
127,127,127,	0,0,0,	3,	19,33,18
127,127,127,	0,0,0,	3,	33,32,18
127,127,127,	0,0,0,	3,	19,21,22
127,127,127,	0,0,0,	3,	22,20,33
127,127,127,	0,0,0,	3,	30,33,20
127,127,127,	0,0,0,	3,	20,22,15
127,127,127,	0,0,0,	3,	1,26,8
127,127,127,	0,0,0,	3,	24,28,8
127,127,127,	0,0,0,	3,	23,27,28
127,127,127,	0,0,0,	3,	0,1,10
127,127,127,	0,0,0,	3,	32,33,30
127,127,127,	0,0,0,	3,	21,17,15
127,127,127,	0,0,0,	3,	13,18,32
127,127,127,	0,0,0,	3,	21,19,14
127,127,127,	0,0,0,	3,	27,5,6
127,127,127,	0,0,0,	3,	3,4,11
127,127,127,	0,0,0,	3,	9,10,8
127,127,127,	0,0,0,	3,	8,28,25
127,127,127,	0,0,0,	3,	27,29,25
127,127,127,	0,0,0,	3,	11,10,9
127,127,127,	0,0,0,	3,	17,12,9
127,127,127,	0,0,0,	3,	31,30,25

TEXTURES
rolfscobra.png	1.0 1.0	0.02 0.31	0.25 0.29	0.18 0.23
rolfscobra.png	1.0 1.0	0.75 0.63	0.75 0.49	0.64 0.49
rolfscobra.png	1.0 1.0	0.75 0.63	0.64 0.49	0.64 0.63
rolfscobra.png	1.0 1.0	0.75 0.49	0.70 0.31	0.64 0.49
rolfscobra.png	1.0 1.0	0.63 0.26	0.47 0.31	0.63 0.31
rolfscobra.png	1.0 1.0	0.47 0.26	0.25 0.29	0.47 0.31
rolfscobra.png	1.0 1.0	0.63 0.05	0.47 0.09	0.63 0.26
rolfscobra.png	1.0 1.0	0.64 0.63	0.47 0.48	0.41 0.64
rolfscobra.png	1.0 1.0	0.47 0.09	0.18 0.23	0.47 0.26
rolfscobra.png	1.0 1.0	0.64 0.49	0.62 0.38	0.47 0.48
rolfscobra.png	1.0 1.0	0.64 0.73	0.75 0.73	0.75 0.63
rolfscobra.png	1.0 1.0	0.64 0.73	0.75 0.63	0.64 0.63
rolfscobra.png	1.0 1.0	0.13 0.02	0.16 0.15	0.01 0.15
rolfscobra.png	1.0 1.0	0.77 0.30	0.79 0.05	0.63 0.26
rolfscobra.png	1.0 1.0	0.40 0.76	0.64 0.73	0.64 0.63
rolfscobra.png	1.0 1.0	0.40 0.76	0.64 0.63	0.41 0.64
rolfscobra.png	1.0 1.0	0.64 0.98	0.75 0.98	0.75 0.73
rolfscobra.png	1.0 1.0	0.64 0.98	0.75 0.73	0.64 0.73
rolfscobra.png	1.0 1.0	0.32 0.15	0.16 0.15	0.13 0.02
rolfscobra.png	1.0 1.0	0.96 0.27	0.99 0.17	0.77 0.30
rolfscobra.png	1.0 1.0	0.54 0.99	0.64 0.73	0.40 0.76
rolfscobra.png	1.0 1.0	0.25 0.29	0.02 0.31	0.18 0.23
rolfscobra.png	1.0 1.0	0.78 0.38	0.70 0.31	0.75 0.49
rolfscobra.png	1.0 1.0	0.47 0.31	0.63 0.26	0.63 0.31
rolfscobra.png	1.0 1.0	0.19 0.38	0.25 0.29	0.47 0.31
rolfscobra.png	1.0 1.0	0.47 0.26	0.47 0.09	0.63 0.26
rolfscobra.png	1.0 1.0	0.92 0.48	0.75 0.63	0.99 0.64
rolfscobra.png	1.0 1.0	0.25 0.29	0.18 0.23	0.47 0.26
rolfscobra.png	1.0 1.0	0.78 0.38	0.75 0.49	0.92 0.48
rolfscobra.png	1.0 1.0	0.63 0.26	0.77 0.30	0.63 0.31
rolfscobra.png	1.0 1.0	0.63 0.05	0.79 0.05	0.63 0.26
rolfscobra.png	1.0 1.0	0.75 0.63	0.75 0.73	0.99 0.76
rolfscobra.png	1.0 1.0	0.75 0.63	0.99 0.76	0.99 0.64
rolfscobra.png	1.0 1.0	0.16 0.15	0.32 0.15	0.13 0.02
rolfscobra.png	1.0 1.0	0.79 0.05	0.99 0.17	0.77 0.30
rolfscobra.png	1.0 1.0	0.75 0.73	0.86 0.99	0.99 0.76
rolfscobra.png	1.0 1.0	0.02 0.31	0.19 0.38	0.25 0.29
rolfscobra.png	1.0 1.0	0.25 0.29	0.19 0.38	0.02 0.31
rolfscobra.png	1.0 1.0	0.70 0.31	0.62 0.38	0.64 0.49
rolfscobra.png	1.0 1.0	0.16 0.15	0.13 0.02	0.01 0.15
rolfscobra.png	1.0 1.0	0.77 0.30	0.63 0.26	0.63 0.31
rolfscobra.png	1.0 1.0	0.40 0.97	0.40 0.91	0.29 0.91
rolfscobra.png	1.0 1.0	0.40 0.97	0.29 0.91	0.29 0.97
rolfscobra.png	1.0 1.0	0.29 0.91	0.19 0.98	0.29 0.97
rolfscobra.png	1.0 1.0	0.40 0.97	0.50 0.98	0.40 0.91
rolfscobra.png	1.0 1.0	0.40 0.91	0.35 0.86	0.29 0.91
rolfscobra.png	1.0 1.0	0.77 0.30	0.96 0.27	0.93 0.31
rolfscobra.png	1.0 1.0	0.93 0.31	0.96 0.27	0.77 0.30
rolfscobra.png	1.0 1.0	0.25 0.29	0.19 0.38	0.47 0.31
rolfscobra.png	1.0 1.0	0.25 0.29	0.47 0.26	0.47 0.31
rolfscobra.png	1.0 1.0	0.18 0.23	0.47 0.09	0.47 0.26
rolfscobra.png	1.0 1.0	0.18 0.23	0.25 0.29	0.47 0.26
rolfscobra.png	1.0 1.0	0.99 0.17	0.96 0.27	0.77 0.30
rolfscobra.png	1.0 1.0	0.99 0.17	0.79 0.05	0.77 0.30
rolfscobra.png	1.0 1.0	0.75 0.73	0.75 0.98	0.86 0.99
rolfscobra.png	1.0 1.0	0.54 0.99	0.64 0.98	0.64 0.73
rolfscobra.png	1.0 1.0	0.92 0.48	0.75 0.49	0.75 0.63
rolfscobra.png	1.0 1.0	0.64 0.63	0.64 0.49	0.47 0.48
rolfscobra.png	1.0 1.0	0.63 0.26	0.47 0.26	0.47 0.31
rolfscobra.png	1.0 1.0	0.47 0.31	0.47 0.26	0.63 0.26
rolfscobra.png	1.0 1.0	0.47 0.09	0.63 0.05	0.63 0.26
rolfscobra.png	1.0 1.0	0.47 0.09	0.47 0.26	0.63 0.26
rolfscobra.png	1.0 1.0	0.79 0.05	0.63 0.05	0.63 0.26
rolfscobra.png	1.0 1.0	0.79 0.05	0.77 0.30	0.63 0.26

END
