NVERTS 6
NFACES 8

VERTEX
-0.00, 29.54, -68.92
63.02, 0.00, 68.92
-63.02, 0.00, 68.92
128.00, 0.00, -68.92
-128.00, 0.00, -68.92
0.00, -29.54, -68.92

FACES
127,127,127,	0.00000,-0.98081,0.19498,	3,	1,0,3
127,127,127,	-0.57892,-0.00000,-0.81539,	3,	2,0,1
127,127,127,	0.57892,0.00000,-0.81539,	3,	2,1,5
127,127,127,	-0.24250,0.00000,0.97015,	3,	3,0,4
127,127,127,	0.24250,0.00000,0.97015,	3,	3,4,5
127,127,127,	0.00000,0.98081,0.19498,	3,	4,0,2
127,127,127,	0,0,0,	3,	4,2,5
127,127,127,	0,0,0,	3,	5,1,3

TEXTURES
sidewinder.png	1.0 1.0	0.57 0.73	0.19 0.56	0.19 0.92
sidewinder.png	1.0 1.0	0.57 0.39	0.19 0.56	0.57 0.73
sidewinder.png	1.0 1.0	0.57 0.39	0.57 0.73	0.94 0.56
sidewinder.png	1.0 1.0	0.10 0.92	0.18 0.56	0.10 0.21
sidewinder.png	1.0 1.0	0.10 0.92	0.10 0.21	0.02 0.56
sidewinder.png	1.0 1.0	0.19 0.21	0.19 0.56	0.57 0.39
sidewinder.png	1.0 1.0	0.94 0.21	0.57 0.39	0.94 0.56
sidewinder.png	1.0 1.0	0.94 0.56	0.57 0.73	0.94 0.92

END
