NVERTS 150
NFACES 286

VERTEX
-198.87, -222.73, 102.68
-197.83, 0.99, 198.42
-197.88, 223.66, 95.76
-198.96, 222.61, -102.65
-200.00, -1.10, -198.39
-199.96, -223.77, -95.73
-194.11, -222.61, 102.65
-193.07, 1.10, 198.39
-193.11, 223.77, 95.73
-194.20, 222.73, -102.68
-195.24, -0.99, -198.42
-195.19, -223.66, -95.76
-199.47, -20.36, 0.00
-199.39, -9.45, -19.01
-199.23, 12.37, -19.01
-199.15, 23.29, 0.00
-199.23, 12.37, 19.01
-199.39, -9.45, 19.01
199.68, -23.29, 0.00
199.76, -12.37, -19.01
199.92, 9.45, -19.01
200.00, 20.36, 0.00
199.92, 9.45, 19.01
199.76, -12.37, 19.01
191.18, -224.27, 101.35
191.04, -0.57, 198.41
191.59, 223.63, 97.05
192.28, 224.14, -101.37
192.43, 0.44, -198.43
191.88, -223.76, -97.07
198.32, -224.14, 101.37
198.18, -0.44, 198.43
198.73, 223.76, 97.07
199.43, 224.27, -101.35
199.57, 0.57, -198.41
199.02, -223.63, -97.05
-35.87, 87.13, -1.86
-33.12, 87.13, 11.99
-25.27, 87.13, 23.73
-13.53, 87.13, 31.58
0.33, 87.13, 34.33
14.18, 87.13, 31.58
25.92, 87.13, 23.73
33.77, 87.13, 11.99
36.53, 87.13, -1.86
33.77, 87.13, -15.72
25.92, 87.13, -27.46
14.18, 87.13, -35.31
0.33, 87.13, -38.06
-13.53, 87.13, -35.31
-25.27, 87.13, -27.46
-33.12, 87.13, -15.72
-66.56, 66.63, -1.86
-61.47, 66.63, 23.73
-46.97, 66.63, 45.43
-25.27, 66.63, 59.93
0.33, 66.63, 65.02
25.92, 66.63, 59.93
47.62, 66.63, 45.43
62.12, 66.63, 23.73
67.21, 66.63, -1.86
62.12, 66.63, -27.46
47.62, 66.63, -49.16
25.92, 66.63, -63.66
0.33, 66.63, -68.75
-25.27, 66.63, -63.66
-46.97, 66.63, -49.16
-61.47, 66.63, -27.46
-87.07, 35.94, -1.86
-80.41, 35.94, 31.58
-61.47, 35.94, 59.93
-33.12, 35.94, 78.88
0.33, 35.94, 85.53
33.77, 35.94, 78.88
62.12, 35.94, 59.93
81.07, 35.94, 31.58
87.72, 35.94, -1.86
81.07, 35.94, -35.31
62.12, 35.94, -63.66
33.77, 35.94, -82.61
0.33, 35.94, -89.26
-33.12, 35.94, -82.61
-61.47, 35.94, -63.66
-80.41, 35.94, -35.31
-94.27, -0.26, -1.86
-87.07, -0.26, 34.33
-66.56, -0.26, 65.02
-35.87, -0.26, 85.53
0.33, -0.26, 92.73
36.53, -0.26, 85.53
67.21, -0.26, 65.02
87.72, -0.26, 34.33
94.92, -0.26, -1.86
87.72, -0.26, -38.06
67.21, -0.26, -68.75
36.53, -0.26, -89.26
0.33, -0.26, -96.46
-35.87, -0.26, -89.26
-66.56, -0.26, -68.75
-87.07, -0.26, -38.06
-87.07, -36.46, -1.86
-80.41, -36.46, 31.58
-61.47, -36.46, 59.93
-33.12, -36.46, 78.88
0.33, -36.46, 85.53
33.77, -36.46, 78.88
62.12, -36.46, 59.93
81.07, -36.46, 31.58
87.72, -36.46, -1.86
81.07, -36.46, -35.31
62.12, -36.46, -63.66
33.77, -36.46, -82.61
0.33, -36.46, -89.26
-33.12, -36.46, -82.61
-61.47, -36.46, -63.66
-80.41, -36.46, -35.31
-66.56, -67.15, -1.86
-61.47, -67.15, 23.73
-46.97, -67.15, 45.43
-25.27, -67.15, 59.93
0.33, -67.15, 65.02
25.92, -67.15, 59.93
47.62, -67.15, 45.43
62.12, -67.15, 23.73
67.21, -67.15, -1.86
62.12, -67.15, -27.46
47.62, -67.15, -49.16
25.92, -67.15, -63.66
0.33, -67.15, -68.75
-25.27, -67.15, -63.66
-46.97, -67.15, -49.16
-61.47, -67.15, -27.46
-35.87, -87.65, -1.86
-33.12, -87.65, 11.99
-25.27, -87.65, 23.73
-13.53, -87.65, 31.58
0.33, -87.65, 34.33
14.18, -87.65, 31.58
25.92, -87.65, 23.73
33.77, -87.65, 11.99
36.53, -87.65, -1.86
33.77, -87.65, -15.72
25.92, -87.65, -27.46
14.18, -87.65, -35.31
0.33, -87.65, -38.06
-13.53, -87.65, -35.31
-25.27, -87.65, -27.46
-33.12, -87.65, -15.72
0.33, 94.33, -1.86
0.33, -94.85, -1.86

FACES
127,127,127,	-0.99998,0.00231,0.00545,	3,	0,5,4
127,127,127,	-0.99998,0.00231,0.00545,	3,	0,4,3
127,127,127,	-0.99998,0.00231,0.00545,	3,	0,3,2
127,127,127,	-0.99998,0.00231,0.00545,	3,	0,2,1
127,127,127,	0.02321,-0.99972,0.00515,	3,	0,6,11
127,127,127,	0.02321,-0.99972,0.00515,	3,	0,11,5
127,127,127,	0.01483,-0.39348,0.91922,	3,	1,7,6
127,127,127,	0.01484,-0.39348,0.91922,	3,	1,6,0
127,127,127,	-0.00406,0.41869,0.90812,	3,	2,8,7
127,127,127,	-0.00407,0.41869,0.90812,	3,	2,7,1
127,127,127,	-0.02321,0.99972,-0.00515,	3,	3,9,8
127,127,127,	-0.02321,0.99972,-0.00515,	3,	3,8,2
127,127,127,	-0.01484,0.39348,-0.91922,	3,	4,10,9
127,127,127,	-0.01484,0.39348,-0.91922,	3,	4,9,3
127,127,127,	0.00406,-0.41869,-0.90812,	3,	5,11,10
127,127,127,	0.00406,-0.41869,-0.90812,	3,	5,10,4
127,127,127,	0.99998,-0.00231,-0.00545,	3,	7,8,9
127,127,127,	0.99998,-0.00231,-0.00545,	3,	7,9,10
127,127,127,	0.99998,-0.00231,-0.00545,	3,	7,10,11
127,127,127,	0.99998,-0.00231,-0.00545,	3,	7,11,6
127,127,127,	-0.00636,-0.86729,-0.49776,	3,	12,18,19
127,127,127,	-0.00636,-0.86729,-0.49776,	3,	12,19,13
127,127,127,	-0.99997,0.00733,0.00000,	3,	13,14,15
127,127,127,	-0.99997,0.00733,-0.00000,	3,	13,15,16
127,127,127,	-0.99997,0.00733,-0.00000,	3,	13,16,17
127,127,127,	-0.99997,0.00733,-0.00000,	3,	13,17,12
127,127,127,	0.00000,0.00000,-1.00000,	3,	13,19,20
127,127,127,	0.00000,0.00000,-1.00000,	3,	13,20,14
127,127,127,	0.00636,0.86729,-0.49776,	3,	14,20,21
127,127,127,	0.00636,0.86729,-0.49776,	3,	14,21,15
127,127,127,	0.00636,0.86729,0.49776,	3,	15,21,22
127,127,127,	0.00636,0.86729,0.49776,	3,	15,22,16
127,127,127,	0.00000,0.00000,1.00000,	3,	16,22,23
127,127,127,	0.00000,0.00000,1.00000,	3,	16,23,17
127,127,127,	-0.00636,-0.86729,0.49776,	3,	17,23,18
127,127,127,	-0.00636,-0.86729,0.49776,	3,	17,18,12
127,127,127,	0.99997,-0.00733,0.00000,	3,	18,23,22
127,127,127,	0.99997,-0.00733,-0.00000,	3,	18,22,21
127,127,127,	0.99997,-0.00733,0.00000,	3,	18,21,20
127,127,127,	0.99997,-0.00733,-0.00000,	3,	18,20,19
127,127,127,	-0.99999,0.00087,-0.00351,	3,	24,29,28
127,127,127,	-0.99999,0.00087,-0.00351,	3,	24,28,27
127,127,127,	-0.99999,0.00087,-0.00351,	3,	24,27,26
127,127,127,	-0.99999,0.00087,-0.00351,	3,	24,26,25
127,127,127,	0.01835,-0.99983,-0.00250,	3,	24,30,35
127,127,127,	0.01835,-0.99983,-0.00250,	3,	24,35,29
127,127,127,	0.00456,-0.39804,0.91736,	3,	25,31,30
127,127,127,	0.00456,-0.39804,0.91736,	3,	25,30,24
127,127,127,	-0.01028,0.41196,0.91115,	3,	26,32,31
127,127,127,	-0.01028,0.41196,0.91115,	3,	26,31,25
127,127,127,	-0.01835,0.99983,0.00250,	3,	27,33,32
127,127,127,	-0.01835,0.99983,0.00250,	3,	27,32,26
127,127,127,	-0.00456,0.39804,-0.91736,	3,	28,34,33
127,127,127,	-0.00456,0.39804,-0.91736,	3,	28,33,27
127,127,127,	0.01028,-0.41196,-0.91115,	3,	29,35,34
127,127,127,	0.01028,-0.41196,-0.91115,	3,	29,34,28
127,127,127,	0.99999,-0.00087,0.00351,	3,	31,32,33
127,127,127,	0.99999,-0.00088,0.00351,	3,	31,33,34
127,127,127,	0.99999,-0.00087,0.00351,	3,	31,34,35
127,127,127,	0.99999,-0.00087,0.00351,	3,	31,35,30
127,127,127,	-0.55221,0.82644,-0.10984,	3,	36,52,67
127,127,127,	-0.55221,0.82644,-0.10984,	3,	36,67,51
127,127,127,	-0.19494,0.98005,0.03878,	3,	36,148,37
127,127,127,	-0.55221,0.82644,0.10984,	3,	37,53,52
127,127,127,	-0.55221,0.82644,0.10984,	3,	37,52,36
127,127,127,	-0.16527,0.98005,0.11043,	3,	37,148,38
127,127,127,	-0.46814,0.82644,0.31280,	3,	38,54,53
127,127,127,	-0.46814,0.82644,0.31280,	3,	38,53,37
127,127,127,	-0.11043,0.98005,0.16527,	3,	38,148,39
127,127,127,	-0.31280,0.82644,0.46814,	3,	39,55,54
127,127,127,	-0.31280,0.82644,0.46814,	3,	39,54,38
127,127,127,	-0.03878,0.98005,0.19494,	3,	39,148,40
127,127,127,	-0.10984,0.82644,0.55221,	3,	40,56,55
127,127,127,	-0.10984,0.82644,0.55221,	3,	40,55,39
127,127,127,	0.03878,0.98005,0.19494,	3,	40,148,41
127,127,127,	0.10984,0.82644,0.55221,	3,	41,57,56
127,127,127,	0.10984,0.82644,0.55221,	3,	41,56,40
127,127,127,	0.11043,0.98005,0.16527,	3,	41,148,42
127,127,127,	0.31280,0.82644,0.46814,	3,	42,58,57
127,127,127,	0.31280,0.82644,0.46814,	3,	42,57,41
127,127,127,	0.16527,0.98005,0.11043,	3,	42,148,43
127,127,127,	0.46814,0.82644,0.31280,	3,	43,59,58
127,127,127,	0.46814,0.82644,0.31280,	3,	43,58,42
127,127,127,	0.19494,0.98005,0.03878,	3,	43,148,44
127,127,127,	0.55221,0.82644,0.10984,	3,	44,60,59
127,127,127,	0.55221,0.82644,0.10984,	3,	44,59,43
127,127,127,	0.19494,0.98005,-0.03878,	3,	44,148,45
127,127,127,	0.55221,0.82644,-0.10984,	3,	45,61,60
127,127,127,	0.55221,0.82644,-0.10984,	3,	45,60,44
127,127,127,	0.16527,0.98005,-0.11043,	3,	45,148,46
127,127,127,	0.46814,0.82644,-0.31280,	3,	46,62,61
127,127,127,	0.46814,0.82644,-0.31280,	3,	46,61,45
127,127,127,	0.11043,0.98005,-0.16527,	3,	46,148,47
127,127,127,	0.31280,0.82644,-0.46814,	3,	47,63,62
127,127,127,	0.31280,0.82644,-0.46814,	3,	47,62,46
127,127,127,	0.03878,0.98005,-0.19494,	3,	47,148,48
127,127,127,	0.10984,0.82644,-0.55221,	3,	48,64,63
127,127,127,	0.10984,0.82644,-0.55221,	3,	48,63,47
127,127,127,	-0.03878,0.98005,-0.19494,	3,	48,148,49
127,127,127,	-0.10984,0.82644,-0.55221,	3,	49,65,64
127,127,127,	-0.10984,0.82644,-0.55221,	3,	49,64,48
127,127,127,	-0.11043,0.98005,-0.16527,	3,	49,148,50
127,127,127,	-0.31280,0.82644,-0.46814,	3,	50,66,65
127,127,127,	-0.31280,0.82644,-0.46814,	3,	50,65,49
127,127,127,	-0.16527,0.98005,-0.11043,	3,	50,148,51
127,127,127,	-0.46814,0.82644,-0.31280,	3,	51,67,66
127,127,127,	-0.46814,0.82644,-0.31280,	3,	51,66,50
127,127,127,	-0.19494,0.98005,-0.03878,	3,	51,148,36
127,127,127,	-0.82033,0.54812,-0.16317,	3,	52,68,83
127,127,127,	-0.82033,0.54812,-0.16317,	3,	52,83,67
127,127,127,	-0.82033,0.54812,0.16317,	3,	53,69,68
127,127,127,	-0.82033,0.54812,0.16317,	3,	53,68,52
127,127,127,	-0.69544,0.54812,0.46468,	3,	54,70,69
127,127,127,	-0.69544,0.54812,0.46468,	3,	54,69,53
127,127,127,	-0.46468,0.54812,0.69544,	3,	55,71,70
127,127,127,	-0.46468,0.54812,0.69544,	3,	55,70,54
127,127,127,	-0.16317,0.54812,0.82033,	3,	56,72,71
127,127,127,	-0.16317,0.54812,0.82033,	3,	56,71,55
127,127,127,	0.16317,0.54812,0.82033,	3,	57,73,72
127,127,127,	0.16317,0.54812,0.82033,	3,	57,72,56
127,127,127,	0.46468,0.54812,0.69544,	3,	58,74,73
127,127,127,	0.46468,0.54812,0.69544,	3,	58,73,57
127,127,127,	0.69544,0.54812,0.46468,	3,	59,75,74
127,127,127,	0.69544,0.54812,0.46468,	3,	59,74,58
127,127,127,	0.82033,0.54812,0.16317,	3,	60,76,75
127,127,127,	0.82033,0.54812,0.16317,	3,	60,75,59
127,127,127,	0.82033,0.54812,-0.16317,	3,	61,77,76
127,127,127,	0.82033,0.54812,-0.16317,	3,	61,76,60
127,127,127,	0.69544,0.54812,-0.46468,	3,	62,78,77
127,127,127,	0.69544,0.54812,-0.46468,	3,	62,77,61
127,127,127,	0.46468,0.54812,-0.69544,	3,	63,79,78
127,127,127,	0.46468,0.54812,-0.69544,	3,	63,78,62
127,127,127,	0.16317,0.54812,-0.82033,	3,	64,80,79
127,127,127,	0.16317,0.54812,-0.82033,	3,	64,79,63
127,127,127,	-0.16317,0.54812,-0.82033,	3,	65,81,80
127,127,127,	-0.16317,0.54812,-0.82033,	3,	65,80,64
127,127,127,	-0.46468,0.54812,-0.69544,	3,	66,82,81
127,127,127,	-0.46468,0.54812,-0.69544,	3,	66,81,65
127,127,127,	-0.69544,0.54812,-0.46468,	3,	67,83,82
127,127,127,	-0.69544,0.54812,-0.46468,	3,	67,82,66
127,127,127,	-0.96264,0.19148,-0.19148,	3,	68,84,99
127,127,127,	-0.96264,0.19148,-0.19148,	3,	68,99,83
127,127,127,	-0.96264,0.19148,0.19148,	3,	69,85,84
127,127,127,	-0.96264,0.19148,0.19148,	3,	69,84,68
127,127,127,	-0.81608,0.19148,0.54529,	3,	70,86,85
127,127,127,	-0.81608,0.19148,0.54529,	3,	70,85,69
127,127,127,	-0.54529,0.19148,0.81608,	3,	71,87,86
127,127,127,	-0.54529,0.19148,0.81608,	3,	71,86,70
127,127,127,	-0.19148,0.19148,0.96264,	3,	72,88,87
127,127,127,	-0.19148,0.19148,0.96264,	3,	72,87,71
127,127,127,	0.19148,0.19148,0.96264,	3,	73,89,88
127,127,127,	0.19148,0.19148,0.96264,	3,	73,88,72
127,127,127,	0.54529,0.19148,0.81608,	3,	74,90,89
127,127,127,	0.54529,0.19148,0.81608,	3,	74,89,73
127,127,127,	0.81608,0.19148,0.54529,	3,	75,91,90
127,127,127,	0.81608,0.19148,0.54529,	3,	75,90,74
127,127,127,	0.96264,0.19148,0.19148,	3,	76,92,91
127,127,127,	0.96264,0.19148,0.19148,	3,	76,91,75
127,127,127,	0.96264,0.19148,-0.19148,	3,	77,93,92
127,127,127,	0.96264,0.19148,-0.19148,	3,	77,92,76
127,127,127,	0.81608,0.19148,-0.54529,	3,	78,94,93
127,127,127,	0.81608,0.19148,-0.54529,	3,	78,93,77
127,127,127,	0.54529,0.19148,-0.81608,	3,	79,95,94
127,127,127,	0.54529,0.19148,-0.81608,	3,	79,94,78
127,127,127,	0.19148,0.19148,-0.96264,	3,	80,96,95
127,127,127,	0.19148,0.19148,-0.96264,	3,	80,95,79
127,127,127,	-0.19148,0.19148,-0.96264,	3,	81,97,96
127,127,127,	-0.19148,0.19148,-0.96264,	3,	81,96,80
127,127,127,	-0.54529,0.19148,-0.81608,	3,	82,98,97
127,127,127,	-0.54529,0.19148,-0.81608,	3,	82,97,81
127,127,127,	-0.81608,0.19148,-0.54529,	3,	83,99,98
127,127,127,	-0.81608,0.19148,-0.54529,	3,	83,98,82
127,127,127,	-0.96264,-0.19148,-0.19148,	3,	84,100,115
127,127,127,	-0.96264,-0.19148,-0.19148,	3,	84,115,99
127,127,127,	-0.96264,-0.19148,0.19148,	3,	85,101,100
127,127,127,	-0.96264,-0.19148,0.19148,	3,	85,100,84
127,127,127,	-0.81608,-0.19148,0.54529,	3,	86,102,101
127,127,127,	-0.81608,-0.19148,0.54529,	3,	86,101,85
127,127,127,	-0.54529,-0.19148,0.81608,	3,	87,103,102
127,127,127,	-0.54529,-0.19148,0.81608,	3,	87,102,86
127,127,127,	-0.19148,-0.19148,0.96264,	3,	88,104,103
127,127,127,	-0.19148,-0.19148,0.96264,	3,	88,103,87
127,127,127,	0.19148,-0.19148,0.96264,	3,	89,105,104
127,127,127,	0.19148,-0.19148,0.96264,	3,	89,104,88
127,127,127,	0.54529,-0.19148,0.81608,	3,	90,106,105
127,127,127,	0.54529,-0.19148,0.81608,	3,	90,105,89
127,127,127,	0.81608,-0.19148,0.54529,	3,	91,107,106
127,127,127,	0.81608,-0.19148,0.54529,	3,	91,106,90
127,127,127,	0.96264,-0.19148,0.19148,	3,	92,108,107
127,127,127,	0.96264,-0.19148,0.19148,	3,	92,107,91
127,127,127,	0.96264,-0.19148,-0.19148,	3,	93,109,108
127,127,127,	0.96264,-0.19148,-0.19148,	3,	93,108,92
127,127,127,	0.81608,-0.19148,-0.54529,	3,	94,110,109
127,127,127,	0.81608,-0.19148,-0.54529,	3,	94,109,93
127,127,127,	0.54529,-0.19148,-0.81608,	3,	95,111,110
127,127,127,	0.54529,-0.19148,-0.81608,	3,	95,110,94
127,127,127,	0.19148,-0.19148,-0.96264,	3,	96,112,111
127,127,127,	0.19148,-0.19148,-0.96264,	3,	96,111,95
127,127,127,	-0.19148,-0.19148,-0.96264,	3,	97,113,112
127,127,127,	-0.19148,-0.19148,-0.96264,	3,	97,112,96
127,127,127,	-0.54529,-0.19148,-0.81608,	3,	98,114,113
127,127,127,	-0.54529,-0.19148,-0.81608,	3,	98,113,97
127,127,127,	-0.81608,-0.19148,-0.54529,	3,	99,115,114
127,127,127,	-0.81608,-0.19148,-0.54529,	3,	99,114,98
127,127,127,	-0.82033,-0.54812,-0.16317,	3,	100,116,131
127,127,127,	-0.82033,-0.54812,-0.16317,	3,	100,131,115
127,127,127,	-0.82033,-0.54812,0.16317,	3,	101,117,116
127,127,127,	-0.82033,-0.54812,0.16317,	3,	101,116,100
127,127,127,	-0.69544,-0.54812,0.46468,	3,	102,118,117
127,127,127,	-0.69544,-0.54812,0.46468,	3,	102,117,101
127,127,127,	-0.46468,-0.54812,0.69544,	3,	103,119,118
127,127,127,	-0.46468,-0.54812,0.69544,	3,	103,118,102
127,127,127,	-0.16317,-0.54812,0.82033,	3,	104,120,119
127,127,127,	-0.16317,-0.54812,0.82033,	3,	104,119,103
127,127,127,	0.16317,-0.54812,0.82033,	3,	105,121,120
127,127,127,	0.16317,-0.54812,0.82033,	3,	105,120,104
127,127,127,	0.46468,-0.54812,0.69544,	3,	106,122,121
127,127,127,	0.46468,-0.54812,0.69544,	3,	106,121,105
127,127,127,	0.69544,-0.54812,0.46468,	3,	107,123,122
127,127,127,	0.69544,-0.54812,0.46468,	3,	107,122,106
127,127,127,	0.82033,-0.54812,0.16317,	3,	108,124,123
127,127,127,	0.82033,-0.54812,0.16317,	3,	108,123,107
127,127,127,	0.82033,-0.54812,-0.16317,	3,	109,125,124
127,127,127,	0.82033,-0.54812,-0.16317,	3,	109,124,108
127,127,127,	0.69544,-0.54812,-0.46468,	3,	110,126,125
127,127,127,	0.69544,-0.54812,-0.46468,	3,	110,125,109
127,127,127,	0.46468,-0.54812,-0.69544,	3,	111,127,126
127,127,127,	0.46468,-0.54812,-0.69544,	3,	111,126,110
127,127,127,	0.16317,-0.54812,-0.82033,	3,	112,128,127
127,127,127,	0.16317,-0.54812,-0.82033,	3,	112,127,111
127,127,127,	-0.16317,-0.54812,-0.82033,	3,	113,129,128
127,127,127,	-0.16317,-0.54812,-0.82033,	3,	113,128,112
127,127,127,	-0.46468,-0.54812,-0.69544,	3,	114,130,129
127,127,127,	-0.46468,-0.54812,-0.69544,	3,	114,129,113
127,127,127,	-0.69544,-0.54812,-0.46468,	3,	115,131,130
127,127,127,	-0.69544,-0.54812,-0.46468,	3,	115,130,114
127,127,127,	-0.55221,-0.82644,-0.10984,	3,	116,132,147
127,127,127,	-0.55221,-0.82644,-0.10984,	3,	116,147,131
127,127,127,	-0.55221,-0.82644,0.10984,	3,	117,133,132
127,127,127,	-0.55221,-0.82644,0.10984,	3,	117,132,116
127,127,127,	-0.46814,-0.82644,0.31280,	3,	118,134,133
127,127,127,	-0.46814,-0.82644,0.31280,	3,	118,133,117
127,127,127,	-0.31280,-0.82644,0.46814,	3,	119,135,134
127,127,127,	-0.31280,-0.82644,0.46814,	3,	119,134,118
127,127,127,	-0.10984,-0.82644,0.55221,	3,	120,136,135
127,127,127,	-0.10984,-0.82644,0.55221,	3,	120,135,119
127,127,127,	0.10984,-0.82644,0.55221,	3,	121,137,136
127,127,127,	0.10984,-0.82644,0.55221,	3,	121,136,120
127,127,127,	0.31280,-0.82644,0.46814,	3,	122,138,137
127,127,127,	0.31280,-0.82644,0.46814,	3,	122,137,121
127,127,127,	0.46814,-0.82644,0.31280,	3,	123,139,138
127,127,127,	0.46814,-0.82644,0.31280,	3,	123,138,122
127,127,127,	0.55221,-0.82644,0.10984,	3,	124,140,139
127,127,127,	0.55221,-0.82644,0.10984,	3,	124,139,123
127,127,127,	0.55221,-0.82644,-0.10984,	3,	125,141,140
127,127,127,	0.55221,-0.82644,-0.10984,	3,	125,140,124
127,127,127,	0.46814,-0.82644,-0.31280,	3,	126,142,141
127,127,127,	0.46814,-0.82644,-0.31280,	3,	126,141,125
127,127,127,	0.31280,-0.82644,-0.46814,	3,	127,143,142
127,127,127,	0.31280,-0.82644,-0.46814,	3,	127,142,126
127,127,127,	0.10984,-0.82644,-0.55221,	3,	128,144,143
127,127,127,	0.10984,-0.82644,-0.55221,	3,	128,143,127
127,127,127,	-0.10984,-0.82644,-0.55221,	3,	129,145,144
127,127,127,	-0.10984,-0.82644,-0.55221,	3,	129,144,128
127,127,127,	-0.31280,-0.82644,-0.46814,	3,	130,146,145
127,127,127,	-0.31280,-0.82644,-0.46814,	3,	130,145,129
127,127,127,	-0.46814,-0.82644,-0.31280,	3,	131,147,146
127,127,127,	-0.46814,-0.82644,-0.31280,	3,	131,146,130
127,127,127,	-0.19494,-0.98005,-0.03878,	3,	132,149,147
127,127,127,	-0.19494,-0.98005,0.03878,	3,	133,149,132
127,127,127,	-0.16527,-0.98005,0.11043,	3,	134,149,133
127,127,127,	-0.11043,-0.98005,0.16527,	3,	135,149,134
127,127,127,	-0.03878,-0.98005,0.19494,	3,	136,149,135
127,127,127,	0.03878,-0.98005,0.19494,	3,	137,149,136
127,127,127,	0.11043,-0.98005,0.16527,	3,	138,149,137
127,127,127,	0.16527,-0.98005,0.11043,	3,	139,149,138
127,127,127,	0.19494,-0.98005,0.03878,	3,	140,149,139
127,127,127,	0.19494,-0.98005,-0.03878,	3,	141,149,140
127,127,127,	0.16527,-0.98005,-0.11043,	3,	142,149,141
127,127,127,	0.11043,-0.98005,-0.16527,	3,	143,149,142
127,127,127,	0.03878,-0.98005,-0.19494,	3,	144,149,143
127,127,127,	-0.03878,-0.98005,-0.19494,	3,	145,149,144
127,127,127,	-0.11043,-0.98005,-0.16527,	3,	146,149,145
127,127,127,	-0.16527,-0.98005,-0.11043,	3,	147,149,146

TEXTURES
tiefighter.png	1.0 1.0	0.09 0.56	0.27 0.56	0.36 0.36
tiefighter.png	1.0 1.0	0.09 0.56	0.36 0.36	0.27 0.15
tiefighter.png	1.0 1.0	0.09 0.56	0.27 0.15	0.09 0.15
tiefighter.png	1.0 1.0	0.09 0.56	0.09 0.15	0.00 0.35
tiefighter.png	1.0 1.0	0.73 0.38	0.73 0.38	0.73 0.20
tiefighter.png	1.0 1.0	0.73 0.38	0.73 0.20	0.73 0.20
tiefighter.png	1.0 1.0	0.02 0.78	0.01 0.78	0.01 1.00
tiefighter.png	1.0 1.0	0.02 0.78	0.01 1.00	0.02 1.00
tiefighter.png	1.0 1.0	0.02 0.56	0.01 0.56	0.01 0.78
tiefighter.png	1.0 1.0	0.02 0.56	0.01 0.78	0.02 0.78
tiefighter.png	1.0 1.0	0.73 0.20	0.73 0.20	0.72 0.38
tiefighter.png	1.0 1.0	0.73 0.20	0.72 0.38	0.73 0.38
tiefighter.png	1.0 1.0	0.02 0.78	0.02 0.78	0.02 0.56
tiefighter.png	1.0 1.0	0.02 0.78	0.02 0.56	0.02 0.56
tiefighter.png	1.0 1.0	0.02 1.00	0.02 1.00	0.02 0.78
tiefighter.png	1.0 1.0	0.02 1.00	0.02 0.78	0.02 0.78
tiefighter.png	1.0 1.0	0.72 0.35	0.62 0.15	0.44 0.15
tiefighter.png	1.0 1.0	0.72 0.35	0.44 0.15	0.36 0.36
tiefighter.png	1.0 1.0	0.72 0.35	0.36 0.36	0.45 0.56
tiefighter.png	1.0 1.0	0.72 0.35	0.45 0.56	0.63 0.56
tiefighter.png	1.0 1.0	0.00 0.13	0.36 0.13	0.36 0.11
tiefighter.png	1.0 1.0	0.00 0.13	0.36 0.11	0.00 0.11
tiefighter.png	1.0 1.0	0.39 0.10	0.39 0.08	0.38 0.07
tiefighter.png	1.0 1.0	0.39 0.10	0.38 0.07	0.36 0.08
tiefighter.png	1.0 1.0	0.39 0.10	0.36 0.08	0.36 0.10
tiefighter.png	1.0 1.0	0.39 0.10	0.36 0.10	0.38 0.11
tiefighter.png	1.0 1.0	0.36 0.13	0.72 0.13	0.72 0.11
tiefighter.png	1.0 1.0	0.36 0.13	0.72 0.11	0.36 0.11
tiefighter.png	1.0 1.0	0.36 0.07	0.00 0.07	0.00 0.09
tiefighter.png	1.0 1.0	0.36 0.07	0.00 0.09	0.36 0.09
tiefighter.png	1.0 1.0	0.36 0.09	0.00 0.09	0.00 0.11
tiefighter.png	1.0 1.0	0.36 0.09	0.00 0.11	0.36 0.11
tiefighter.png	1.0 1.0	0.72 0.13	0.36 0.13	0.36 0.15
tiefighter.png	1.0 1.0	0.72 0.13	0.36 0.15	0.72 0.15
tiefighter.png	1.0 1.0	0.00 0.15	0.36 0.15	0.36 0.13
tiefighter.png	1.0 1.0	0.00 0.15	0.36 0.13	0.00 0.13
tiefighter.png	1.0 1.0	0.41 0.11	0.43 0.10	0.43 0.08
tiefighter.png	1.0 1.0	0.41 0.11	0.43 0.08	0.41 0.07
tiefighter.png	1.0 1.0	0.41 0.11	0.41 0.07	0.39 0.08
tiefighter.png	1.0 1.0	0.41 0.11	0.39 0.08	0.39 0.10
tiefighter.png	1.0 1.0	0.11 1.00	0.29 1.00	0.38 0.80
tiefighter.png	1.0 1.0	0.11 1.00	0.38 0.80	0.30 0.59
tiefighter.png	1.0 1.0	0.11 1.00	0.30 0.59	0.12 0.60
tiefighter.png	1.0 1.0	0.11 1.00	0.12 0.60	0.02 0.80
tiefighter.png	1.0 1.0	0.72 0.56	0.72 0.56	0.72 0.38
tiefighter.png	1.0 1.0	0.72 0.56	0.72 0.38	0.72 0.38
tiefighter.png	1.0 1.0	0.01 0.78	0.00 0.78	0.00 1.00
tiefighter.png	1.0 1.0	0.01 0.78	0.00 1.00	0.01 1.00
tiefighter.png	1.0 1.0	0.01 0.56	0.00 0.56	0.00 0.78
tiefighter.png	1.0 1.0	0.01 0.56	0.00 0.78	0.01 0.78
tiefighter.png	1.0 1.0	0.72 0.20	0.72 0.20	0.72 0.38
tiefighter.png	1.0 1.0	0.72 0.20	0.72 0.38	0.72 0.38
tiefighter.png	1.0 1.0	0.01 0.78	0.01 0.78	0.01 0.56
tiefighter.png	1.0 1.0	0.01 0.78	0.01 0.56	0.01 0.56
tiefighter.png	1.0 1.0	0.01 1.00	0.01 1.00	0.01 0.78
tiefighter.png	1.0 1.0	0.01 1.00	0.01 0.78	0.01 0.78
tiefighter.png	1.0 1.0	0.74 0.80	0.65 0.60	0.47 0.59
tiefighter.png	1.0 1.0	0.74 0.80	0.47 0.59	0.38 0.80
tiefighter.png	1.0 1.0	0.74 0.80	0.38 0.80	0.47 1.00
tiefighter.png	1.0 1.0	0.74 0.80	0.47 1.00	0.65 1.00
tiefighter.png	1.0 1.0	0.97 0.94	1.00 0.94	0.99 0.91
tiefighter.png	1.0 1.0	0.97 0.94	0.99 0.91	0.96 0.92
tiefighter.png	1.0 1.0	0.97 0.94	0.93 0.94	0.96 0.95
tiefighter.png	1.0 1.0	0.96 0.95	0.99 0.96	1.00 0.94
tiefighter.png	1.0 1.0	0.96 0.95	1.00 0.94	0.97 0.94
tiefighter.png	1.0 1.0	0.96 0.95	0.93 0.94	0.96 0.96
tiefighter.png	1.0 1.0	0.96 0.96	0.98 0.98	0.99 0.96
tiefighter.png	1.0 1.0	0.96 0.96	0.99 0.96	0.96 0.95
tiefighter.png	1.0 1.0	0.96 0.96	0.93 0.94	0.95 0.96
tiefighter.png	1.0 1.0	0.95 0.96	0.96 1.00	0.98 0.98
tiefighter.png	1.0 1.0	0.95 0.96	0.98 0.98	0.96 0.96
tiefighter.png	1.0 1.0	0.95 0.96	0.93 0.94	0.93 0.97
tiefighter.png	1.0 1.0	0.93 0.97	0.93 1.00	0.96 1.00
tiefighter.png	1.0 1.0	0.93 0.97	0.96 1.00	0.95 0.96
tiefighter.png	1.0 1.0	0.93 0.97	0.93 0.94	0.92 0.96
tiefighter.png	1.0 1.0	0.92 0.96	0.91 1.00	0.93 1.00
tiefighter.png	1.0 1.0	0.92 0.96	0.93 1.00	0.93 0.97
tiefighter.png	1.0 1.0	0.92 0.96	0.93 0.94	0.91 0.96
tiefighter.png	1.0 1.0	0.91 0.96	0.89 0.98	0.91 1.00
tiefighter.png	1.0 1.0	0.91 0.96	0.91 1.00	0.92 0.96
tiefighter.png	1.0 1.0	0.91 0.96	0.93 0.94	0.91 0.95
tiefighter.png	1.0 1.0	0.91 0.95	0.87 0.96	0.89 0.98
tiefighter.png	1.0 1.0	0.91 0.95	0.89 0.98	0.91 0.96
tiefighter.png	1.0 1.0	0.91 0.95	0.93 0.94	0.90 0.94
tiefighter.png	1.0 1.0	0.90 0.94	0.87 0.94	0.87 0.96
tiefighter.png	1.0 1.0	0.90 0.94	0.87 0.96	0.91 0.95
tiefighter.png	1.0 1.0	0.90 0.94	0.93 0.94	0.91 0.92
tiefighter.png	1.0 1.0	0.91 0.92	0.87 0.91	0.87 0.94
tiefighter.png	1.0 1.0	0.91 0.92	0.87 0.94	0.90 0.94
tiefighter.png	1.0 1.0	0.91 0.92	0.93 0.94	0.91 0.91
tiefighter.png	1.0 1.0	0.91 0.91	0.89 0.89	0.87 0.91
tiefighter.png	1.0 1.0	0.91 0.91	0.87 0.91	0.91 0.92
tiefighter.png	1.0 1.0	0.91 0.91	0.93 0.94	0.92 0.91
tiefighter.png	1.0 1.0	0.92 0.91	0.91 0.88	0.89 0.89
tiefighter.png	1.0 1.0	0.92 0.91	0.89 0.89	0.91 0.91
tiefighter.png	1.0 1.0	0.92 0.91	0.93 0.94	0.93 0.90
tiefighter.png	1.0 1.0	0.93 0.90	0.93 0.87	0.91 0.88
tiefighter.png	1.0 1.0	0.93 0.90	0.91 0.88	0.92 0.91
tiefighter.png	1.0 1.0	0.93 0.90	0.93 0.94	0.95 0.91
tiefighter.png	1.0 1.0	0.95 0.91	0.96 0.88	0.93 0.87
tiefighter.png	1.0 1.0	0.95 0.91	0.93 0.87	0.93 0.90
tiefighter.png	1.0 1.0	0.95 0.91	0.93 0.94	0.96 0.91
tiefighter.png	1.0 1.0	0.96 0.91	0.98 0.89	0.96 0.88
tiefighter.png	1.0 1.0	0.96 0.91	0.96 0.88	0.95 0.91
tiefighter.png	1.0 1.0	0.96 0.91	0.93 0.94	0.96 0.92
tiefighter.png	1.0 1.0	0.96 0.92	0.99 0.91	0.98 0.89
tiefighter.png	1.0 1.0	0.96 0.92	0.98 0.89	0.96 0.91
tiefighter.png	1.0 1.0	0.96 0.92	0.93 0.94	0.97 0.94
tiefighter.png	1.0 1.0	0.81 0.72	0.81 0.76	0.83 0.76
tiefighter.png	1.0 1.0	0.81 0.72	0.83 0.76	0.83 0.72
tiefighter.png	1.0 1.0	0.78 0.72	0.78 0.76	0.81 0.76
tiefighter.png	1.0 1.0	0.78 0.72	0.81 0.76	0.81 0.72
tiefighter.png	1.0 1.0	0.75 0.72	0.74 0.75	0.78 0.76
tiefighter.png	1.0 1.0	0.75 0.72	0.78 0.76	0.78 0.72
tiefighter.png	1.0 1.0	0.83 0.58	0.83 0.62	0.87 0.61
tiefighter.png	1.0 1.0	0.83 0.58	0.87 0.61	0.86 0.58
tiefighter.png	1.0 1.0	0.81 0.58	0.81 0.62	0.83 0.62
tiefighter.png	1.0 1.0	0.81 0.58	0.83 0.62	0.83 0.58
tiefighter.png	1.0 1.0	0.78 0.58	0.78 0.62	0.81 0.62
tiefighter.png	1.0 1.0	0.78 0.58	0.81 0.62	0.81 0.58
tiefighter.png	1.0 1.0	0.76 0.58	0.75 0.61	0.78 0.62
tiefighter.png	1.0 1.0	0.76 0.58	0.78 0.62	0.78 0.58
tiefighter.png	1.0 1.0	0.83 0.44	0.83 0.48	0.87 0.47
tiefighter.png	1.0 1.0	0.83 0.44	0.87 0.47	0.86 0.44
tiefighter.png	1.0 1.0	0.81 0.44	0.81 0.48	0.83 0.48
tiefighter.png	1.0 1.0	0.81 0.44	0.83 0.48	0.83 0.44
tiefighter.png	1.0 1.0	0.78 0.44	0.78 0.48	0.81 0.48
tiefighter.png	1.0 1.0	0.78 0.44	0.81 0.48	0.81 0.44
tiefighter.png	1.0 1.0	0.75 0.44	0.75 0.47	0.78 0.48
tiefighter.png	1.0 1.0	0.75 0.44	0.78 0.48	0.78 0.44
tiefighter.png	1.0 1.0	0.83 0.86	0.83 0.90	0.87 0.89
tiefighter.png	1.0 1.0	0.83 0.86	0.87 0.89	0.86 0.86
tiefighter.png	1.0 1.0	0.81 0.87	0.81 0.90	0.83 0.90
tiefighter.png	1.0 1.0	0.81 0.87	0.83 0.90	0.83 0.86
tiefighter.png	1.0 1.0	0.78 0.86	0.78 0.90	0.81 0.90
tiefighter.png	1.0 1.0	0.78 0.86	0.81 0.90	0.81 0.87
tiefighter.png	1.0 1.0	0.76 0.86	0.75 0.89	0.78 0.90
tiefighter.png	1.0 1.0	0.76 0.86	0.78 0.90	0.78 0.86
tiefighter.png	1.0 1.0	0.83 0.72	0.83 0.76	0.87 0.75
tiefighter.png	1.0 1.0	0.83 0.72	0.87 0.75	0.86 0.72
tiefighter.png	1.0 1.0	0.81 0.76	0.81 0.79	0.84 0.79
tiefighter.png	1.0 1.0	0.81 0.76	0.84 0.79	0.83 0.76
tiefighter.png	1.0 1.0	0.78 0.76	0.77 0.79	0.81 0.79
tiefighter.png	1.0 1.0	0.78 0.76	0.81 0.79	0.81 0.76
tiefighter.png	1.0 1.0	0.74 0.75	0.74 0.79	0.77 0.79
tiefighter.png	1.0 1.0	0.74 0.75	0.77 0.79	0.78 0.76
tiefighter.png	1.0 1.0	0.83 0.62	0.84 0.65	0.87 0.65
tiefighter.png	1.0 1.0	0.83 0.62	0.87 0.65	0.87 0.61
tiefighter.png	1.0 1.0	0.81 0.62	0.81 0.65	0.84 0.65
tiefighter.png	1.0 1.0	0.81 0.62	0.84 0.65	0.83 0.62
tiefighter.png	1.0 1.0	0.78 0.62	0.77 0.65	0.81 0.65
tiefighter.png	1.0 1.0	0.78 0.62	0.81 0.65	0.81 0.62
tiefighter.png	1.0 1.0	0.75 0.61	0.74 0.65	0.77 0.65
tiefighter.png	1.0 1.0	0.75 0.61	0.77 0.65	0.78 0.62
tiefighter.png	1.0 1.0	0.83 0.48	0.84 0.51	0.87 0.51
tiefighter.png	1.0 1.0	0.83 0.48	0.87 0.51	0.87 0.47
tiefighter.png	1.0 1.0	0.81 0.48	0.81 0.51	0.84 0.51
tiefighter.png	1.0 1.0	0.81 0.48	0.84 0.51	0.83 0.48
tiefighter.png	1.0 1.0	0.78 0.48	0.77 0.51	0.81 0.51
tiefighter.png	1.0 1.0	0.78 0.48	0.81 0.51	0.81 0.48
tiefighter.png	1.0 1.0	0.75 0.47	0.74 0.51	0.77 0.51
tiefighter.png	1.0 1.0	0.75 0.47	0.77 0.51	0.78 0.48
tiefighter.png	1.0 1.0	0.83 0.90	0.84 0.93	0.87 0.93
tiefighter.png	1.0 1.0	0.83 0.90	0.87 0.93	0.87 0.89
tiefighter.png	1.0 1.0	0.81 0.90	0.81 0.93	0.84 0.93
tiefighter.png	1.0 1.0	0.81 0.90	0.84 0.93	0.83 0.90
tiefighter.png	1.0 1.0	0.78 0.90	0.77 0.93	0.81 0.93
tiefighter.png	1.0 1.0	0.78 0.90	0.81 0.93	0.81 0.90
tiefighter.png	1.0 1.0	0.75 0.89	0.74 0.93	0.77 0.93
tiefighter.png	1.0 1.0	0.75 0.89	0.77 0.93	0.78 0.90
tiefighter.png	1.0 1.0	0.83 0.76	0.84 0.79	0.87 0.79
tiefighter.png	1.0 1.0	0.83 0.76	0.87 0.79	0.87 0.75
tiefighter.png	1.0 1.0	0.81 0.79	0.81 0.82	0.84 0.82
tiefighter.png	1.0 1.0	0.81 0.79	0.84 0.82	0.84 0.79
tiefighter.png	1.0 1.0	0.77 0.79	0.78 0.82	0.81 0.82
tiefighter.png	1.0 1.0	0.77 0.79	0.81 0.82	0.81 0.79
tiefighter.png	1.0 1.0	0.74 0.79	0.75 0.82	0.78 0.82
tiefighter.png	1.0 1.0	0.74 0.79	0.78 0.82	0.77 0.79
tiefighter.png	1.0 1.0	0.84 0.65	0.83 0.68	0.87 0.68
tiefighter.png	1.0 1.0	0.84 0.65	0.87 0.68	0.87 0.65
tiefighter.png	1.0 1.0	0.81 0.65	0.81 0.68	0.83 0.68
tiefighter.png	1.0 1.0	0.81 0.65	0.83 0.68	0.84 0.65
tiefighter.png	1.0 1.0	0.77 0.65	0.78 0.68	0.81 0.68
tiefighter.png	1.0 1.0	0.77 0.65	0.81 0.68	0.81 0.65
tiefighter.png	1.0 1.0	0.74 0.65	0.75 0.68	0.78 0.68
tiefighter.png	1.0 1.0	0.74 0.65	0.78 0.68	0.77 0.65
tiefighter.png	1.0 1.0	0.84 0.51	0.83 0.54	0.87 0.54
tiefighter.png	1.0 1.0	0.84 0.51	0.87 0.54	0.87 0.51
tiefighter.png	1.0 1.0	0.81 0.51	0.81 0.54	0.83 0.54
tiefighter.png	1.0 1.0	0.81 0.51	0.83 0.54	0.84 0.51
tiefighter.png	1.0 1.0	0.77 0.51	0.78 0.54	0.81 0.54
tiefighter.png	1.0 1.0	0.77 0.51	0.81 0.54	0.81 0.51
tiefighter.png	1.0 1.0	0.74 0.51	0.75 0.54	0.78 0.54
tiefighter.png	1.0 1.0	0.74 0.51	0.78 0.54	0.77 0.51
tiefighter.png	1.0 1.0	0.84 0.93	0.83 0.96	0.87 0.96
tiefighter.png	1.0 1.0	0.84 0.93	0.87 0.96	0.87 0.93
tiefighter.png	1.0 1.0	0.81 0.93	0.81 0.96	0.83 0.96
tiefighter.png	1.0 1.0	0.81 0.93	0.83 0.96	0.84 0.93
tiefighter.png	1.0 1.0	0.77 0.93	0.78 0.96	0.81 0.96
tiefighter.png	1.0 1.0	0.77 0.93	0.81 0.96	0.81 0.93
tiefighter.png	1.0 1.0	0.74 0.93	0.74 0.96	0.78 0.96
tiefighter.png	1.0 1.0	0.74 0.93	0.78 0.96	0.77 0.93
tiefighter.png	1.0 1.0	0.84 0.79	0.84 0.82	0.87 0.82
tiefighter.png	1.0 1.0	0.84 0.79	0.87 0.82	0.87 0.79
tiefighter.png	1.0 1.0	0.81 0.82	0.81 0.85	0.83 0.85
tiefighter.png	1.0 1.0	0.81 0.82	0.83 0.85	0.84 0.82
tiefighter.png	1.0 1.0	0.78 0.82	0.78 0.85	0.81 0.85
tiefighter.png	1.0 1.0	0.78 0.82	0.81 0.85	0.81 0.82
tiefighter.png	1.0 1.0	0.75 0.82	0.76 0.86	0.78 0.85
tiefighter.png	1.0 1.0	0.75 0.82	0.78 0.85	0.78 0.82
tiefighter.png	1.0 1.0	0.83 0.68	0.83 0.71	0.86 0.72
tiefighter.png	1.0 1.0	0.83 0.68	0.86 0.72	0.87 0.68
tiefighter.png	1.0 1.0	0.81 0.68	0.81 0.71	0.83 0.71
tiefighter.png	1.0 1.0	0.81 0.68	0.83 0.71	0.83 0.68
tiefighter.png	1.0 1.0	0.78 0.68	0.78 0.71	0.81 0.71
tiefighter.png	1.0 1.0	0.78 0.68	0.81 0.71	0.81 0.68
tiefighter.png	1.0 1.0	0.75 0.68	0.75 0.72	0.78 0.71
tiefighter.png	1.0 1.0	0.75 0.68	0.78 0.71	0.78 0.68
tiefighter.png	1.0 1.0	0.83 0.54	0.83 0.57	0.86 0.58
tiefighter.png	1.0 1.0	0.83 0.54	0.86 0.58	0.87 0.54
tiefighter.png	1.0 1.0	0.81 0.54	0.81 0.57	0.83 0.57
tiefighter.png	1.0 1.0	0.81 0.54	0.83 0.57	0.83 0.54
tiefighter.png	1.0 1.0	0.78 0.54	0.78 0.57	0.81 0.57
tiefighter.png	1.0 1.0	0.78 0.54	0.81 0.57	0.81 0.54
tiefighter.png	1.0 1.0	0.75 0.54	0.75 0.58	0.78 0.57
tiefighter.png	1.0 1.0	0.75 0.54	0.78 0.57	0.78 0.54
tiefighter.png	1.0 1.0	0.83 0.96	0.83 0.99	0.86 1.00
tiefighter.png	1.0 1.0	0.83 0.96	0.86 1.00	0.87 0.96
tiefighter.png	1.0 1.0	0.81 0.96	0.81 0.99	0.83 0.99
tiefighter.png	1.0 1.0	0.81 0.96	0.83 0.99	0.83 0.96
tiefighter.png	1.0 1.0	0.78 0.96	0.78 1.00	0.81 0.99
tiefighter.png	1.0 1.0	0.78 0.96	0.81 0.99	0.81 0.96
tiefighter.png	1.0 1.0	0.74 0.96	0.75 1.00	0.78 1.00
tiefighter.png	1.0 1.0	0.74 0.96	0.78 1.00	0.78 0.96
tiefighter.png	1.0 1.0	0.84 0.82	0.83 0.85	0.86 0.86
tiefighter.png	1.0 1.0	0.84 0.82	0.86 0.86	0.87 0.82
tiefighter.png	1.0 1.0	0.87 0.81	0.90 0.81	0.91 0.79
tiefighter.png	1.0 1.0	0.87 0.81	0.91 0.79	0.87 0.78
tiefighter.png	1.0 1.0	0.87 0.83	0.91 0.82	0.90 0.81
tiefighter.png	1.0 1.0	0.87 0.83	0.90 0.81	0.87 0.81
tiefighter.png	1.0 1.0	0.89 0.85	0.91 0.83	0.91 0.82
tiefighter.png	1.0 1.0	0.89 0.85	0.91 0.82	0.87 0.83
tiefighter.png	1.0 1.0	0.91 0.87	0.92 0.83	0.91 0.83
tiefighter.png	1.0 1.0	0.91 0.87	0.91 0.83	0.89 0.85
tiefighter.png	1.0 1.0	0.93 0.87	0.93 0.84	0.92 0.83
tiefighter.png	1.0 1.0	0.93 0.87	0.92 0.83	0.91 0.87
tiefighter.png	1.0 1.0	0.96 0.87	0.95 0.83	0.93 0.84
tiefighter.png	1.0 1.0	0.96 0.87	0.93 0.84	0.93 0.87
tiefighter.png	1.0 1.0	0.98 0.85	0.96 0.83	0.95 0.83
tiefighter.png	1.0 1.0	0.98 0.85	0.95 0.83	0.96 0.87
tiefighter.png	1.0 1.0	0.99 0.83	0.96 0.82	0.96 0.83
tiefighter.png	1.0 1.0	0.99 0.83	0.96 0.83	0.98 0.85
tiefighter.png	1.0 1.0	1.00 0.81	0.97 0.81	0.96 0.82
tiefighter.png	1.0 1.0	1.00 0.81	0.96 0.82	0.99 0.83
tiefighter.png	1.0 1.0	0.99 0.78	0.96 0.79	0.97 0.81
tiefighter.png	1.0 1.0	0.99 0.78	0.97 0.81	1.00 0.81
tiefighter.png	1.0 1.0	0.98 0.76	0.96 0.78	0.96 0.79
tiefighter.png	1.0 1.0	0.98 0.76	0.96 0.79	0.99 0.78
tiefighter.png	1.0 1.0	0.96 0.75	0.95 0.78	0.96 0.78
tiefighter.png	1.0 1.0	0.96 0.75	0.96 0.78	0.98 0.76
tiefighter.png	1.0 1.0	0.93 0.74	0.93 0.77	0.95 0.78
tiefighter.png	1.0 1.0	0.93 0.74	0.95 0.78	0.96 0.75
tiefighter.png	1.0 1.0	0.91 0.75	0.92 0.78	0.93 0.77
tiefighter.png	1.0 1.0	0.91 0.75	0.93 0.77	0.93 0.74
tiefighter.png	1.0 1.0	0.89 0.76	0.91 0.78	0.92 0.78
tiefighter.png	1.0 1.0	0.89 0.76	0.92 0.78	0.91 0.75
tiefighter.png	1.0 1.0	0.87 0.78	0.91 0.79	0.91 0.78
tiefighter.png	1.0 1.0	0.87 0.78	0.91 0.78	0.89 0.76
tiefighter.png	1.0 1.0	0.90 0.81	0.93 0.81	0.91 0.79
tiefighter.png	1.0 1.0	0.91 0.82	0.93 0.81	0.90 0.81
tiefighter.png	1.0 1.0	0.91 0.83	0.93 0.81	0.91 0.82
tiefighter.png	1.0 1.0	0.92 0.83	0.93 0.81	0.91 0.83
tiefighter.png	1.0 1.0	0.93 0.84	0.93 0.81	0.92 0.83
tiefighter.png	1.0 1.0	0.95 0.83	0.93 0.81	0.93 0.84
tiefighter.png	1.0 1.0	0.96 0.83	0.93 0.81	0.95 0.83
tiefighter.png	1.0 1.0	0.96 0.82	0.93 0.81	0.96 0.83
tiefighter.png	1.0 1.0	0.97 0.81	0.93 0.81	0.96 0.82
tiefighter.png	1.0 1.0	0.96 0.79	0.93 0.81	0.97 0.81
tiefighter.png	1.0 1.0	0.96 0.78	0.93 0.81	0.96 0.79
tiefighter.png	1.0 1.0	0.95 0.78	0.93 0.81	0.96 0.78
tiefighter.png	1.0 1.0	0.93 0.77	0.93 0.81	0.95 0.78
tiefighter.png	1.0 1.0	0.92 0.78	0.93 0.81	0.93 0.77
tiefighter.png	1.0 1.0	0.91 0.78	0.93 0.81	0.92 0.78
tiefighter.png	1.0 1.0	0.91 0.79	0.93 0.81	0.91 0.78

END
