NVERTS 34
NFACES 64

VERTEX
40.00, -28.88, 15.56
40.00, 28.88, 15.56
-40.00, 28.88, 15.56
-40.00, -28.88, 15.56
40.00, -28.88, -55.56
40.00, 28.88, -55.56,
-40.00, 28.88, -55.56
-40.00, -28.88, -55.56
100.00, 0.00, 15.56
-100.00, 0.00, 15.56
100.00, 0.00, -55.56
-100.00, 0.00, -55.56
40.00, 0.00, -120.00
-40.00, 0.00, -120.00
40.00, 0.00, 120.00
-40.00, 0.00, 120.00
17.78, 5.56, -111.12
-17.78, 5.56, -111.12
-17.78, -5.56, -111.12
17.78, -5.56, -111.12
-28.88, 0.00, -120.00
28.88, 0.00, -120.00
22.22, 28.88, 15.56
-22.22, 28.88, 15.56
22.22, 0.00, 120.00
-22.22, 0.00, 120.00
4.44, 33.34, 15.56
-4.44, 33.34, 15.56
12.22, 21.66, 41.66
-12.22, 21.66, 41.66
13.34, 28.88, -55.56
-13.34, 28.88, -55.56
4.44, 24.44, -55.56
-4.44, 24.44, -55.56

FACES
127,127,127,	-0.14766,0.97761,-0.14990,	3,	0,7,3
127,127,127,	-0.22209,-0.96583,-0.13357,	3,	0,10,4
127,127,127,	0.17652,-0.97120,-0.16004,	3,	0,14,8
127,127,127,	0.22092,0.96640,-0.13140,	3,	0,24,14
127,127,127,	-0.15583,0.95031,0.26949,	3,	0,25,24
127,127,127,	-0.15629,-0.96661,0.20307,	3,	1,10,8
127,127,127,	0.19887,-0.96439,0.17438,	3,	1,22,5
127,127,127,	0.19887,0.96439,0.17438,	3,	1,28,22
127,127,127,	-0.96223,0.00000,-0.27222,	3,	2,9,6
127,127,127,	0.98284,0.00000,-0.18444,	3,	2,15,9
127,127,127,	-0.95916,0.00000,0.28287,	3,	2,29,15
127,127,127,	0.91262,0.00000,0.40880,	3,	3,15,0
127,127,127,	-0.33493,-0.00000,0.94224,	3,	4,7,0
127,127,127,	0.33493,0.00000,0.94224,	3,	4,18,7
127,127,127,	-0.46451,-0.53179,-0.70812,	3,	4,19,18
127,127,127,	0.47730,0.00000,-0.87874,	3,	5,10,1
127,127,127,	0.14696,-0.67220,0.72564,	3,	5,12,10
127,127,127,	-0.14178,-0.78632,0.60133,	3,	5,16,12
127,127,127,	-0.09683,0.62258,0.77655,	3,	5,30,16
127,127,127,	0.13531,0.64732,0.75012,	3,	6,23,2
127,127,127,	-0.32135,0.00000,0.94696,	3,	6,31,23
127,127,127,	0.32135,0.00000,0.94696,	3,	7,9,3
127,127,127,	-0.09597,-0.98843,-0.11749,	3,	7,11,9
127,127,127,	0.09597,-0.98843,-0.11749,	3,	7,13,11
127,127,127,	0.00000,-0.00000,-1.00000,	3,	7,18,13
127,127,127,	0.00000,-0.58595,-0.81035,	3,	8,10,0
127,127,127,	-0.00555,-0.99471,-0.10258,	3,	8,14,1
127,127,127,	0.00394,-0.99329,-0.11562,	3,	9,11,6
127,127,127,	-0.02866,-0.94944,-0.31263,	3,	9,15,3
127,127,127,	0.03822,-0.95191,-0.30398,	3,	10,12,4
127,127,127,	0.12996,-0.97276,0.19193,	3,	11,13,6
127,127,127,	-0.12996,-0.97276,0.19193,	3,	12,19,4
127,127,127,	0.14727,-0.96017,0.23746,	3,	12,21,19
127,127,127,	-0.22173,-0.94453,0.24227,	3,	13,17,6
127,127,127,	0,0,0,	3,	13,20,17
127,127,127,	0,0,0,	3,	14,28,1
127,127,127,	0,0,0,	3,	15,25,0
127,127,127,	0,0,0,	3,	15,29,25
127,127,127,	0,0,0,	3,	16,21,12
127,127,127,	0,0,0,	3,	16,32,17
127,127,127,	0,0,0,	3,	17,18,16
127,127,127,	0,0,0,	3,	17,20,18
127,127,127,	0,0,0,	3,	17,31,6
127,127,127,	0,0,0,	3,	17,33,31
127,127,127,	0,0,0,	3,	18,19,16
127,127,127,	0,0,0,	3,	18,20,13
127,127,127,	0,0,0,	3,	19,21,16
127,127,127,	0,0,0,	3,	22,28,26
127,127,127,	0,0,0,	3,	22,30,5
127,127,127,	0,0,0,	3,	23,29,2
127,127,127,	0,0,0,	3,	23,31,27
127,127,127,	0,0,0,	3,	24,28,14
127,127,127,	0,0,0,	3,	25,28,24
127,127,127,	0,0,0,	3,	25,29,28
127,127,127,	0,0,0,	3,	26,28,27
127,127,127,	0,0,0,	3,	26,30,22
127,127,127,	0,0,0,	3,	26,32,30
127,127,127,	0,0,0,	3,	27,29,23
127,127,127,	0,0,0,	3,	27,32,26
127,127,127,	0,0,0,	3,	27,33,32
127,127,127,	0,0,0,	3,	28,29,27
127,127,127,	0,0,0,	3,	30,32,16
127,127,127,	0,0,0,	3,	31,33,27
127,127,127,	0,0,0,	3,	32,33,17

TEXTURES
wolfmkii.png	1.0 1.0	0.17 0.62	0.40 0.82	0.40 0.62
wolfmkii.png	1.0 1.0	0.17 0.62	0.00 0.82	0.17 0.82
wolfmkii.png	1.0 1.0	0.17 0.62	0.17 0.32	0.00 0.62
wolfmkii.png	1.0 1.0	0.17 0.62	0.22 0.32	0.17 0.32
wolfmkii.png	1.0 1.0	0.17 0.62	0.35 0.32	0.22 0.32
wolfmkii.png	1.0 1.0	0.60 0.38	0.43 0.18	0.43 0.38
wolfmkii.png	1.0 1.0	0.60 0.38	0.65 0.38	0.60 0.18
wolfmkii.png	1.0 1.0	0.60 0.38	0.68 0.46	0.65 0.38
wolfmkii.png	1.0 1.0	0.83 0.38	1.00 0.38	0.83 0.18
wolfmkii.png	1.0 1.0	0.83 0.38	0.83 0.68	1.00 0.38
wolfmkii.png	1.0 1.0	0.83 0.38	0.75 0.46	0.83 0.68
wolfmkii.png	1.0 1.0	0.40 0.62	0.40 0.32	0.17 0.62
wolfmkii.png	1.0 1.0	0.17 0.82	0.40 0.82	0.17 0.62
wolfmkii.png	1.0 1.0	0.17 0.82	0.33 0.97	0.40 0.82
wolfmkii.png	1.0 1.0	0.17 0.82	0.23 0.97	0.33 0.97
wolfmkii.png	1.0 1.0	0.60 0.18	0.43 0.18	0.60 0.38
wolfmkii.png	1.0 1.0	0.60 0.18	0.60 0.00	0.43 0.18
wolfmkii.png	1.0 1.0	0.60 0.18	0.67 0.03	0.60 0.00
wolfmkii.png	1.0 1.0	0.60 0.18	0.68 0.18	0.67 0.03
wolfmkii.png	1.0 1.0	0.83 0.18	0.78 0.38	0.83 0.38
wolfmkii.png	1.0 1.0	0.83 0.18	0.75 0.18	0.78 0.38
wolfmkii.png	1.0 1.0	0.40 0.82	0.56 0.62	0.40 0.62
wolfmkii.png	1.0 1.0	0.40 0.82	0.56 0.82	0.56 0.62
wolfmkii.png	1.0 1.0	0.40 0.82	0.40 1.00	0.56 0.82
wolfmkii.png	1.0 1.0	0.40 0.82	0.33 0.97	0.40 1.00
wolfmkii.png	1.0 1.0	0.00 0.62	0.00 0.82	0.17 0.62
wolfmkii.png	1.0 1.0	0.43 0.38	0.60 0.68	0.60 0.38
wolfmkii.png	1.0 1.0	1.00 0.38	1.00 0.18	0.83 0.18
wolfmkii.png	1.0 1.0	0.56 0.62	0.40 0.32	0.40 0.62
wolfmkii.png	1.0 1.0	0.00 0.82	0.17 1.00	0.17 0.82
wolfmkii.png	1.0 1.0	1.00 0.18	0.83 0.00	0.83 0.18
wolfmkii.png	1.0 1.0	0.17 1.00	0.23 0.97	0.17 0.82
wolfmkii.png	1.0 1.0	0.17 1.00	0.20 1.00	0.23 0.97
wolfmkii.png	1.0 1.0	0.83 0.00	0.76 0.03	0.83 0.18
wolfmkii.png	1.0 1.0	0.83 0.00	0.80 0.00	0.76 0.03
wolfmkii.png	1.0 1.0	0.60 0.68	0.68 0.46	0.60 0.38
wolfmkii.png	1.0 1.0	0.40 0.32	0.35 0.32	0.17 0.62
wolfmkii.png	1.0 1.0	0.83 0.68	0.75 0.46	0.78 0.68
wolfmkii.png	1.0 1.0	0.67 0.03	0.63 0.00	0.60 0.00
wolfmkii.png	1.0 1.0	0.67 0.03	0.70 0.18	0.76 0.03
wolfmkii.png	1.0 1.0	0.56 0.89	0.56 1.00	0.89 0.89
wolfmkii.png	1.0 1.0	0.56 0.89	0.46 0.94	0.56 1.00
wolfmkii.png	1.0 1.0	0.76 0.03	0.75 0.18	0.83 0.18
wolfmkii.png	1.0 1.0	0.76 0.03	0.73 0.18	0.75 0.18
wolfmkii.png	1.0 1.0	0.56 1.00	0.89 1.00	0.89 0.89
wolfmkii.png	1.0 1.0	0.33 0.97	0.36 1.00	0.40 1.00
wolfmkii.png	1.0 1.0	0.89 1.00	0.99 0.94	0.89 0.89
wolfmkii.png	1.0 1.0	0.13 0.01	0.02 0.05	0.13 0.09
wolfmkii.png	1.0 1.0	0.65 0.38	0.68 0.18	0.60 0.18
wolfmkii.png	1.0 1.0	0.78 0.38	0.75 0.46	0.83 0.38
wolfmkii.png	1.0 1.0	0.13 0.20	0.43 0.16	0.13 0.12
wolfmkii.png	1.0 1.0	0.65 0.68	0.68 0.46	0.60 0.68
wolfmkii.png	1.0 1.0	0.78 0.68	0.68 0.46	0.65 0.68
wolfmkii.png	1.0 1.0	0.78 0.68	0.75 0.46	0.68 0.46
wolfmkii.png	1.0 1.0	0.13 0.09	0.02 0.05	0.13 0.12
wolfmkii.png	1.0 1.0	0.13 0.09	0.43 0.05	0.13 0.01
wolfmkii.png	1.0 1.0	0.13 0.09	0.43 0.09	0.43 0.05
wolfmkii.png	1.0 1.0	0.13 0.12	0.02 0.16	0.13 0.20
wolfmkii.png	1.0 1.0	0.13 0.12	0.43 0.09	0.13 0.09
wolfmkii.png	1.0 1.0	0.13 0.12	0.43 0.12	0.43 0.09
wolfmkii.png	1.0 1.0	0.02 0.05	0.02 0.16	0.13 0.12
wolfmkii.png	1.0 1.0	0.68 0.18	0.70 0.18	0.67 0.03
wolfmkii.png	1.0 1.0	0.43 0.16	0.43 0.12	0.13 0.12
wolfmkii.png	1.0 1.0	0.70 0.18	0.73 0.18	0.76 0.03

END
